Price,Close,High,Low,Open,Volume
Ticker,GOOGL,GOOGL,GOOGL,GOOGL,GOOGL
Date,,,,,
2022-01-03,143.99832153320312,144.8519311224432,142.72857575378174,144.0613784409724,28646000
2022-01-04,143.410400390625,145.4816101983603,142.73208012573355,144.400065125975,28400000
2022-01-05,136.83123779296875,143.50967764101412,136.7448433188205,143.43072391178902,54618000
2022-01-06,136.80397033691406,138.98145724787761,135.62311922146878,136.06010778394125,37348000
2022-01-07,136.0784454345703,137.50014307479,134.836507719824,137.1992096234285,29760000
2022-01-10,137.71963500976562,137.8686166309049,132.25235351586585,134.15274434444186,44408000
2022-01-11,138.77882385253906,139.25554684251247,135.7561836931482,137.06167849311132,28730000
2022-01-12,140.46170043945312,141.6311400459877,139.73074953971891,140.1831195548113,26108000
2022-01-13,137.63772583007812,141.8715260324475,137.46093610582858,140.5704864133838,31436000
2022-01-14,138.52508544921875,139.77794951568995,136.06009199236166,136.14003076332514,29662000
2022-01-18,135.06643676757812,136.19217162710595,134.5107751926396,135.24222628592668,34872000
2022-01-19,134.19097900390625,137.01450730821685,134.09067289531706,135.58833902307862,28648000
2022-01-20,132.3943634033203,136.6832943570819,132.0537105865044,135.31671267129403,29908000
2022-01-21,129.4586181640625,133.94169047418686,129.19543397045766,131.68526524961257,55652000
2022-01-24,129.90802001953125,130.30428901156284,123.64720029032809,125.11507313847382,76622000
2022-01-25,126.06550598144531,128.51263232248894,125.63398820188476,127.85814979874316,46960000
2022-01-26,128.3477783203125,132.0889733339284,126.27109790890478,130.2208611272421,49130000
2022-01-27,128.12135314941406,131.74386020834598,128.0493400573882,130.4046015787616,31950000
2022-01-28,132.43756103515625,132.44303172603193,127.60489516569507,128.7708494185611,34362000
2022-01-31,134.37669372558594,134.54504250233154,131.3038928647385,133.24301799963737,39986000
2022-02-01,136.70115661621094,136.8491380497125,133.44809584204324,136.65199616866573,68644000
2022-02-02,146.98622131347656,150.50842187379808,144.52569849957,150.213959281509,123200000
2022-02-03,142.10984802246094,148.64974827603828,141.68825627852442,144.70744115071966,71518000
2022-02-04,142.31146240234375,143.88262665253944,139.5524914323561,142.46192913434274,57998000
2022-02-07,138.2475128173828,143.2619244603311,137.9485645278239,143.2619244603311,54974000
2022-02-08,138.4441375732422,139.04101874272152,136.07547995948318,138.0741915730561,54284000
2022-02-09,140.62210083007812,141.54822358083172,139.22672618566713,139.99791170532907,40144000
2022-02-10,137.67047119140625,140.51535178227655,137.0120182079764,138.74656067127665,39330000
2022-02-11,133.36268615722656,138.20329295411477,132.486223876279,137.6506167768868,39958000
2022-02-14,134.59764099121094,135.36634111290647,132.34368645399533,132.34368645399533,34302000
2022-02-15,135.67274475097656,137.1624698362155,134.89113311033765,136.62814552814626,26680000
2022-02-16,136.79449462890625,137.14010281073405,133.99976011673834,135.71046454600315,25022000
2022-02-17,131.631103515625,136.17426144417217,131.57101685216045,135.3097257407702,38950000
2022-02-18,129.509765625,133.15165480974724,129.3046828967441,132.55277323596871,45620000
2022-02-22,128.92431640625,131.2750922471518,127.34519599889913,128.94863900976236,44990000
2022-02-23,126.71403503417969,131.146461476255,126.65394836077941,130.74672218976002,32786000
2022-02-24,131.78207397460938,132.0889630529401,124.09757963651286,124.09757963651286,54456000
2022-02-25,133.53846740722656,134.34490176287858,130.84900920998376,132.63718249004066,36406000
2022-02-28,134.1318817138672,134.82161307191876,131.6842552568574,132.1386256771338,38864000
2022-03-01,133.1431884765625,135.3221600936974,132.30597577184693,133.95459346241825,26496000
2022-03-02,133.64971923828125,134.3359803512324,132.1599938888819,133.70583549976425,23520000
2022-03-03,132.9822998046875,135.50489424688817,132.1142785441231,135.07833193884565,24604000
2022-03-04,131.00296020507812,132.93464460585957,129.44470730870609,132.01697782761468,30430000
2022-03-07,125.5128173828125,130.83262443362335,125.42988565473446,130.58732230801365,45112000
2022-03-08,126.2338638305664,130.3509683105619,124.8136586917926,125.38521713682621,40428000
2022-03-09,132.50608825683594,132.8194330626874,129.01069565399868,130.35095429762737,37026000
2022-03-10,131.52239990234375,132.35912780429078,130.01579261876046,130.36687160786477,27102000
2022-03-11,128.9809112548828,132.87902880681497,128.74354993397455,132.57412490739122,31526000
2022-03-14,125.08824920654297,129.51571269481013,124.41688480642178,129.35780521773768,38812000
2022-03-15,128.31300354003906,128.96501590992517,124.85932318871768,126.10622391621135,30920000
2022-03-16,132.3675537109375,132.41968439619922,127.85268781908668,129.83750304335058,35576000
2022-03-17,132.92222595214844,133.1620725593792,131.27954871173705,132.23694993148916,28264000
2022-03-18,135.1930389404297,135.31072696869558,131.35252366520865,132.5105368869364,44566000
2022-03-21,135.16921997070312,136.1112244178566,133.173978749984,135.23079176119532,26832000
2022-03-22,138.90992736816406,140.0838376848272,135.16923238113208,135.16923238113208,35496000
2022-03-23,137.32833862304688,138.63234835797854,136.89086517154823,137.7524157003206,25154000
2022-03-24,140.60227966308594,140.64895481730318,136.80695314584833,138.2465179509499,26396000
2022-03-25,140.7025604248047,141.06208028165258,138.78031728528904,140.94389214459488,24126000
2022-03-28,140.48654174804688,141.02979191390588,138.85379070559037,139.9353355919771,35050000
2022-03-29,141.5293426513672,142.80852953836705,141.06554628979546,141.67038342042937,34318000
2022-03-30,140.9662322998047,141.74287331835652,140.6300500454084,141.4841596757739,19884000
2022-03-31,138.1149139404297,141.13458383266473,138.07220921119722,141.07995269395536,37524000
2022-04-01,139.19049072265625,139.5087909885533,137.36011265105827,138.54444908128045,25942000
2022-04-04,141.99215698242188,142.72759360722597,139.34938903607505,139.39706436312292,25942000
2022-04-05,139.6279754638672,142.0110296598707,139.42090753807759,141.89037137348774,21418000
2022-04-06,135.61268615722656,138.405921270331,134.58874241741407,137.79959891315158,32468000
2022-04-07,134.95767211914062,136.2249325297986,133.3080392474461,135.07833039176163,26234000
2022-04-08,132.37449645996094,134.74066862943772,132.0546959534093,134.65475908711477,25142000
2022-04-11,127.94107055664062,131.1876753708867,127.78713350700349,130.92052078848334,36884000
2022-04-12,126.83966827392578,130.69855860670543,125.9205088911911,130.69855860670543,32710000
2022-04-13,129.00424194335938,129.4412304311551,126.86598980577136,127.12321836007308,27928000
2022-04-14,125.86193084716797,129.58575166232626,125.73380907373294,129.58575166232626,31598000
2022-04-18,126.80194091796875,127.33426494363471,125.31767872057605,126.13007637850053,20808000
2022-04-19,129.11843872070312,129.4402092525474,126.12954766592165,126.81680878727374,26490000
2022-04-20,127.1629409790039,130.49894112574688,126.62664655558798,129.99541023177304,31696000
2022-04-21,123.95954132080078,129.20734344647272,123.673512070281,128.36466000936693,36446000
2022-04-22,118.81600952148438,124.54301206602497,118.11038133016164,124.1437652925247,56884000
2022-04-25,122.23095703125,122.43306193166998,117.69921703394614,118.28517197562043,46128000
2022-04-26,117.83726501464844,121.6708251413164,117.69921720652222,121.4568014084917,73054000
2022-04-27,113.51158905029297,116.43889332632745,111.96426262753701,113.68538576034024,91820000
2022-04-28,117.71063995361328,118.82991910256544,113.33332937298223,115.61757779171258,48884000
2022-04-29,113.3278579711914,117.11225750315006,113.03488051138018,115.93487697322128,42676000
2022-05-02,115.784423828125,115.94580921166728,111.82870509334481,112.62819126516962,35534000
2022-05-03,116.5302734375,117.63068544527395,115.23967536784316,115.63295892784193,24968000
2022-05-04,121.42352294921875,122.01295576109642,114.32746141701645,116.22984481156482,49916000
2022-05-05,115.70745086669922,120.20989755476226,114.21772570249654,119.38061812261219,45840000
2022-05-06,114.95364379882812,116.7661472402134,113.23450579994557,114.3954969699338,39710000
2022-05-09,111.74032592773438,114.28875127022684,111.23332468040107,112.47426236393711,40802000
2022-05-10,113.61140441894531,115.45370122184362,112.12714235556041,114.71628695611551,39900000
2022-05-11,112.82433319091797,115.56741475011088,112.46084292776307,112.46084292776307,37534000
2022-05-12,112.07103729248047,113.51209458382574,109.0722196869369,110.61458326418952,53836000
2022-05-13,115.25557708740234,117.06758067088552,112.82683262018276,113.74846982950024,35038000
2022-05-16,113.66107177734375,115.37425431835217,113.10938061192142,114.1680730032844,25990000
2022-05-17,115.6751708984375,116.0992479298773,114.08315444400371,116.04015386240661,23054000
2022-05-18,111.13300323486328,114.60952885152011,110.79135782529033,114.2122672760028,35126000
2022-05-19,109.62789154052734,112.2359033534811,109.24651920632846,110.66821695459474,34144000
2022-05-20,108.16199493408203,111.41506331912538,105.07181220746052,111.18415014796633,48962000
2022-05-23,110.72432708740234,111.37930975737493,107.99614188533646,108.836847701739,37184000
2022-05-24,105.24413299560547,105.72928937706624,101.18661505076277,105.047491186243,76780000
2022-05-25,105.08024597167969,105.77048498374647,103.14509143797545,104.26635571159798,40258000
2022-05-26,107.05413818359375,107.90526250642102,104.5042203882763,104.95312769995195,37948000
2022-05-27,111.5471420288086,111.54863472420854,108.39090958839716,108.73305507461306,37914000
2022-05-31,112.98274993896484,114.94223478737628,111.31077945637375,111.9742030382361,50012000
2022-06-01,113.11185455322266,116.29937309388902,112.47425385777059,114.06826317353504,36606000
2022-06-02,116.81680297851562,117.0919059988239,112.17283789402013,113.21911892677547,37992000
2022-06-03,113.75641632080078,115.52472253823346,112.7409211603864,115.26749397177188,26136000
2022-06-06,116.02029418945312,118.52948481957034,115.36828939248328,115.90508386814868,33542000
2022-06-07,116.34703826904297,116.88483293983977,114.26390982732367,114.68947198764029,31590000
2022-06-08,116.39122772216797,117.75830174233698,115.80129483193734,115.96168759585584,26108000
2022-06-09,114.04888916015625,117.48866544844982,113.98979509345463,115.53066587385061,25798000
2022-06-10,110.40005493164062,112.50305059167471,109.61000232222437,111.67476376402166,41452000
2022-06-13,105.66372680664062,108.0462884474437,105.39210170145553,106.05502516866834,47252000
2022-06-14,105.9845199584961,107.18523818559247,105.07529410324224,105.80526010580438,33706000
2022-06-15,109.01262664794922,110.66025925480368,106.93197599440535,107.80147483796506,39698000
2022-06-16,105.30718994140625,107.904275532212,104.41782377620616,106.48655577638867,51684000
2022-06-17,106.40958404541016,107.95492543163547,104.32644797510493,105.30718677609678,51376000
2022-06-21,110.77993774414062,111.7189644125282,107.85610349476617,108.18334476803008,47416000
2022-06-22,110.72383880615234,112.57009865011098,109.6264044729377,109.79921618859777,30774000
2022-06-23,111.47314453125,111.97021964631519,109.74358045027846,111.46271839548692,28362000
2022-06-24,117.1668930053711,117.27018450537825,112.17879704892937,112.22100926625183,41164000
2022-06-27,115.0400619506836,117.76724687603271,114.39053484024392,117.46285065793593,36420000
2022-06-28,111.2402572631836,116.50594092617479,111.08184970421698,115.00925999761652,35792000
2022-06-29,110.93636322021484,112.3853689488812,110.11303936843558,110.78788927074342,24716000
2022-06-30,108.21661376953125,110.12843077767293,106.0187751041556,109.24651298788866,43170000
2022-07-01,107.99266052246094,108.50164691075395,105.99940454132032,107.19366691373251,35476000
2022-07-05,112.48716735839844,112.60038490089782,105.00725515042267,106.36688099642751,39342000
2022-07-06,113.78720092773438,114.7977330534994,110.71240730639667,112.5259035341935,37432000
2022-07-07,117.9693603515625,118.37307767600376,114.04692008375858,114.29172973514224,40936000
2022-07-08,118.53594970703125,118.8651762014679,116.10074202416587,116.44685795142414,38238000
2022-07-11,114.8841323852539,117.1897331383704,114.54050176466727,117.1897331383704,31196000
2022-07-12,113.23947143554688,116.17273911133853,112.91123756952663,115.41893551644583,29960000
2022-07-13,110.59075927734375,113.41378771572728,110.439800011543,110.93587505706701,43722000
2022-07-14,109.61151123046875,110.33204374187794,107.63067383202589,109.45558894365712,37004000
2022-07-15,111.01183319091797,112.36550334245979,110.14034911864573,111.23331281907532,46770000
2022-07-18,108.28315734863281,112.9013069637435,107.62768220362615,111.86842992036455,43164600
2022-07-19,113.03041076660156,113.23897137891802,108.80952283001463,110.09068737178768,36530900
2022-07-20,113.11979675292969,114.60952188775194,111.70952544381008,112.3947938533773,35600400
2022-07-21,113.5567855834961,113.76535378483867,110.34891481197837,113.49719899861788,32676200
2022-07-22,107.1609115600586,111.57049343817368,105.77049971967809,110.23967576417152,48901200
2022-07-25,106.77356719970703,109.11740199417964,105.57185651241846,107.66740378694384,34690900
2022-07-26,104.30062103271484,106.46568857174864,103.35713146074687,105.86980002223551,47991000
2022-07-27,112.28555297851562,113.12973666354446,107.27014929212193,108.51158697347695,59858500
2022-07-28,113.43761444091797,113.5567876128041,110.69651783051911,111.6002881287064,32816600
2022-07-29,115.52323150634766,115.91055948000562,112.28555971746356,112.30542696475278,37223400
2022-08-01,114.0732192993164,115.9204790624543,113.55677701223817,114.51020776113126,26034300
2022-08-02,114.34137725830078,115.55302168772738,112.94103944751733,113.21912028499861,20236000
2022-08-03,117.27117156982422,117.80747356026012,114.68898269438547,114.91740298576683,28499000
2022-08-04,117.38041687011719,117.96637181269178,116.08931866387587,116.67528118358466,21602900
2022-08-05,116.66535186767578,117.30096737131531,115.20541990311378,115.43384777651602,19159500
2022-08-08,116.49652099609375,119.32699753864578,116.07939215524291,117.57905107247159,19138300
2022-08-09,115.83110046386719,116.51637649913262,114.9174041349362,116.33760916719966,19086500
2022-08-10,118.88006591796875,120.09171027247865,117.59890893552108,117.96636962927194,30930400
2022-08-11,118.02595520019531,120.65780450187786,117.74787438229087,120.44924388844952,24293700
2022-08-12,120.84651184082031,120.84651184082031,118.64171727202111,119.4362404313281,19096300
2022-08-15,121.2437744140625,121.4622686635192,119.7838424537241,120.30027720751173,19494800
2022-08-16,120.86636352539062,121.59136642864802,119.81362684941925,120.68759620521304,19041200
2022-08-17,118.73109436035156,120.45917336726374,118.56225308917438,119.2971895993642,22847000
2022-08-18,119.34685516357422,119.99240429519782,117.90679043522003,118.61192615288643,17987700
2022-08-19,116.4071273803711,118.33384108294739,115.96021284676502,118.24445362994561,21809500
2022-08-22,113.45747375488281,114.83795189055648,113.07014579319794,114.41089701265592,21456600
2022-08-23,113.080078125,114.22220232746935,112.65302325197702,112.70268379096306,15870400
2022-08-24,112.91123962402344,113.99376961834115,112.096856828301,112.72253867644604,17734600
2022-08-25,115.8509750366211,115.92049524915063,113.32837256076539,113.45747936199602,16956800
2022-08-26,109.58418273925781,114.33144677016104,109.43521628006215,113.93418519899274,37245700
2022-08-29,108.67048645019531,110.1900049513534,108.05473821304507,109.236581726649,21191200
2022-08-30,108.19377136230469,109.74308305128713,107.06158088541234,109.41534170873047,27513300
2022-08-31,107.47870635986328,110.09068842730832,107.38931890965122,109.89206143571225,28627000
2022-09-01,108.98829650878906,109.69343221359867,106.62460185419623,107.53829818348746,28360900
2022-09-02,107.1112289428711,109.98143191597238,106.52527406371158,109.83245789643124,24160700
2022-09-06,106.078369140625,107.29001358215552,105.05542565947091,106.56501818821323,25068300
2022-09-07,108.70027923583984,109.22665517213872,106.16775093808137,106.32665101955834,23167000
2022-09-08,107.63761138916016,108.84925579418162,106.4259745612731,107.29994397248697,24238300
2022-09-09,109.8920669555664,110.22973437366748,108.27322734192177,108.32288788088225,23197700
2022-09-12,110.10063171386719,110.85542798702407,109.17700172532125,110.22973851202329,22966800
2022-09-13,103.60542297363281,107.55816389040682,103.3769951060123,107.06158881718635,38172900
2022-09-14,104.28076171875,104.55884253765855,102.94994420622076,103.85370686767357,26395100
2022-09-15,102.20508575439453,104.54891314157877,101.64891651695895,103.31740907499702,34188300
2022-09-16,102.09584045410156,102.42357425141003,100.24858053268528,101.370837496437,42797200
2022-09-19,102.36398315429688,102.62220430858018,100.85439829715003,101.05302529143925,23036800
2022-09-20,100.44721221923828,101.66879031860427,99.83145635767744,101.38077584676782,26517100
2022-09-21,98.5999526977539,102.17529197681066,98.59001907394925,100.97358111903203,31487300
2022-09-22,99.45405578613281,100.54651943978457,98.1133045940541,98.14309788632383,34298600
2022-09-23,98.06364440917969,98.97734831250827,96.802347043361,98.94754744299671,31625400
2022-09-26,97.49754333496094,99.19582909385643,97.13008264794297,97.42802313116289,27072700
2022-09-27,96.83213806152344,99.3150133964343,96.20645620489421,98.74891812315998,30072800
2022-09-28,99.36468505859375,100.01022665623634,96.44482091315537,96.98112295479517,32466300
2022-09-29,96.752685546875,97.9643299391156,95.302687240842,97.9643299391156,31047200
2022-09-30,94.99481201171875,98.22254995330734,94.90542455938035,96.38522371736838,32941500
2022-10-03,97.96432495117188,98.6098740295779,95.85884401799443,96.09720549678472,27982000
2022-10-04,100.94377899169922,101.14240598760246,99.692407701533,99.75200186201134,28850800
2022-10-05,100.73522186279297,101.23179694688893,98.1232396482166,99.14618310911277,22176900
2022-10-06,100.72528839111328,102.22494726893785,99.90097193176103,99.99035938714277,22324000
2022-10-07,98.0040512084961,99.84137736002322,97.62665690197106,99.16603499557102,27502800
2022-10-10,97.1896743774414,98.42117844301296,96.34549826456681,98.32186494334555,18225100
2022-10-11,96.51433563232422,98.57015621966407,95.65029224046398,96.76262317947702,26507100
2022-10-12,96.8917236328125,98.07357470456819,96.07734083455361,96.63351005621553,21876400
2022-10-13,98.38143920898438,99.09650844046806,93.73349678147382,94.49822654514018,34574500
2022-10-14,95.89857482910156,100.0002897453495,95.70988145547351,99.30508010298726,25410700
2022-10-17,99.28521728515625,100.23864047742966,98.1530267707607,98.18282006159207,28419200
2022-10-18,100.07974243164062,102.7612525209111,99.28522681703564,102.42357751242457,24060700
2022-10-19,98.94754791259766,100.32802603161117,98.2424122068316,99.32494982352485,23811100
2022-10-20,99.28521728515625,101.61911851826515,98.70918840530337,99.3150105759876,25323200
2022-10-21,100.43727111816406,100.61603844678358,97.05063307454373,97.17973986521672,32458700
2022-10-24,101.81774139404297,102.04616924307577,99.29514689523046,101.1026797115845,27176400
2022-10-25,103.76432800292969,104.10199540713289,102.01638166791882,102.19514899283054,40611400
2022-10-26,94.27973937988281,97.63658399309821,94.04138547726846,95.7694645312069,88114100
2022-10-27,91.58830261230469,94.77631349543512,91.17118139256064,93.87254327552247,60710900
2022-10-28,95.63042449951172,95.88864564835471,91.49891642655986,91.63795683505978,43697300
2022-10-31,93.86262512207031,95.37221005350747,93.3362567418793,94.766387840837,31675000
2022-11-01,89.85029602050781,95.37220847515945,89.75098252011932,94.79617956491805,47161400
2022-11-02,86.374267578125,90.55542869485429,86.2848801267709,90.31707478646692,57038300
2022-11-03,82.8585205078125,85.92735095244444,82.76913305076104,85.72872394565061,61288000
2022-11-04,85.98694610595703,86.04653269325414,83.13660230513511,84.81502856726082,51124900
2022-11-07,87.88385009765625,88.29104527507938,86.25508454223157,86.68213938768645,34078900
2022-11-08,88.29105377197266,89.7013252290992,86.99002186523454,88.29105377197266,30429000
2022-11-09,86.72186279296875,88.8273436444615,86.68213588137829,87.8441196311482,31769100
2022-11-10,93.2965316772461,93.74344623382733,90.98248990601425,91.61810542419562,51620100
2022-11-11,95.74960327148438,96.26603798141977,93.27665410585773,94.04138391402034,33090500
2022-11-14,95.0444564819336,96.1269939734426,93.86261307826928,94.43863434699801,30179500
2022-11-15,97.76570129394531,99.45405348533612,96.04754823383983,97.58693396732818,41640800
2022-11-16,98.17288970947266,98.95747922841689,96.97117895072545,97.22940010842291,29105200
2022-11-17,97.68624877929688,98.59994509335151,96.12700335615402,96.30577068517638,26052600
2022-11-18,96.76261138916016,98.22254320087063,95.70987474218904,98.09342884271733,28342300
2022-11-21,94.94515228271484,97.72597571769823,94.70679836967275,96.62357845131895,21647400
2022-11-22,96.38522338867188,96.55405709268237,93.40577299121226,95.29275218122933,23438500
2022-11-23,97.78556060791016,98.08350867690265,96.4249422059745,96.4249422059745,18868100
2022-11-25,96.79240417480469,97.96432155155298,96.73281759574188,97.56706001115576,9701400
2022-11-28,95.39207458496094,96.9115930964902,94.95508609589683,96.37529110822086,26237500
2022-11-29,94.53797149658203,95.46160150065352,93.46536744466647,95.07427352253981,20061700
2022-11-30,100.29823303222656,100.34789357132563,93.77323675188165,94.17049833327081,43647500
2022-12-01,100.29823303222656,101.54960436160536,99.563304031794,100.32802632483222,28687100
2022-12-02,99.75199890136719,100.07973267716697,98.22254683147696,98.37152086254994,21480700
2022-12-05,98.798583984375,100.68556327887788,98.32186856044572,98.71913015086434,24405100
2022-12-06,96.3156967163086,99.09651235429973,95.75952752700341,98.61980456590521,24910700
2022-12-07,94.28968048095703,96.21638667703273,94.0711862290918,95.74961245738875,31045400
2022-12-08,93.06810760498047,94.92530127204714,92.8098864223038,94.7266666787824,32213300
2022-12-09,92.19412231445312,93.61432720990297,92.1146684907738,93.12767822271735,28225400
2022-12-12,92.67083740234375,92.91912493805006,90.98248519039448,92.07494883207544,29420000
2022-12-13,94.9749526977539,98.84824006656933,94.37906408189035,97.0903675132016,40593700
2022-12-14,94.41879272460938,96.20646618198963,92.95886066393801,94.54789952764546,28733600
2022-12-15,90.23763275146484,92.99858924728872,89.39345655036644,92.49208049577564,40107000
2022-12-16,89.64173889160156,90.70440929917321,88.90680229037655,90.13831399003944,58011800
2022-12-19,87.8342056274414,89.93967919044347,87.60577774876408,89.64173867837027,29493000
2022-12-20,88.41022491455078,88.56913257898219,86.84105340253028,87.5064621987842,23453800
2022-12-21,88.96639251708984,89.60200800878793,87.71502120281298,88.46981744062983,24745600
2022-12-22,87.15886688232422,87.93352285450139,85.72872811699101,87.55612849237622,27658300
2022-12-23,88.61878204345703,88.93658975546802,86.47357430453268,86.51330121567574,23003000
2022-12-27,86.7913818359375,88.33076743671045,86.413987546564,88.19172703656581,20097300
2022-12-28,85.43077850341797,87.43694618896947,85.3513322445214,86.38420938152522,19523200
2022-12-29,87.84412384033203,88.2413853981384,86.01673128241025,86.02666490506726,23333500
2022-12-30,87.62562561035156,87.6951458055021,85.97699301516332,86.38418814185427,23986300
2023-01-03,88.5095443725586,90.4263244711382,87.91364821898763,88.97631857972549,28131200
2023-01-04,87.47666931152344,90.02906496049344,86.67221251659535,89.73111687687052,34854800
2023-01-05,85.60954284667969,86.97016132679408,85.3116023377022,86.8708478238016,27194400
2023-01-06,86.74172973632812,87.0893383476196,84.2787216281847,86.19550170469084,41381500
2023-01-09,87.41708374023438,89.43318516024924,87.25818363658344,87.75475877333744,29003900
2023-01-10,87.8143310546875,88.06261858260312,85.24207590250592,85.3910499346821,30467800
2023-01-11,90.89309692382812,90.97255075305516,88.40029554318691,88.56912924744373,26862000
2023-01-12,90.50576782226562,91.24070436753142,89.13522338270101,90.85337642641241,30258100
2023-01-13,91.4889907836914,91.55851098824732,89.51261661092427,90.22768590186173,26329200
2023-01-17,90.66468048095703,91.6181037407099,89.43317638425138,91.42940278257716,32602400
2023-01-18,90.49585723876953,92.16435003064426,90.01914176517587,91.5088672015949,29116700
2023-01-19,92.4126205444336,92.96878218001514,90.00919152538334,90.09857897517838,37000400
2023-01-20,97.34857940673828,97.62666782792186,94.36912880255512,94.44858263717902,63191100
2023-01-23,99.10645294189453,99.35474047579733,96.83213822208886,97.2790527522602,40005100
2023-01-24,97.03076171875,98.92768204637555,96.53418666885439,97.42802327409328,33078500
2023-01-25,94.56775665283203,95.50132020032594,93.11775837133916,94.91535768313268,42330000
2023-01-26,96.85200500488281,96.90166554616475,94.72666416473407,95.83899512609038,30114000
2023-01-27,98.6893310546875,99.63282064646212,96.6434366363265,96.6434366363265,33879800
2023-01-30,96.27597045898438,97.6167215415183,95.73966851054406,96.8122724074247,27226200
2023-01-31,98.16295623779297,98.20268315266414,96.15679628817142,96.20645682604395,29870700
2023-02-01,99.74207305908203,100.49686931883123,96.91159655644073,98.03385353408179,35531100
2023-02-02,107.00199127197266,107.11123839079693,104.88658425472231,105.07528520126132,69883800
2023-02-03,104.06227111816406,107.07151484914603,101.87734382713276,102.22494486291488,65309300
2023-02-06,102.19514465332031,103.64514285952902,101.18212732945823,101.69856961377758,31999600
2023-02-07,106.9026870727539,107.43898909076722,102.41365149635558,102.51296500106885,49010200
2023-02-08,98.6893310546875,102.43350370738915,97.36843956449569,101.35097370371372,94743500
2023-02-09,94.35920715332031,99.34481806271576,92.98865496216061,99.31502476762708,119455000
2023-02-10,93.92220306396484,96.08727054839915,93.60439534043017,94.79617240940175,54980700
2023-02-13,93.9619369506836,94.54789190623137,93.19720708667369,94.0910437433125,50076100
2023-02-14,94.03145599365234,94.20028969972182,91.62803446223668,93.78316845750277,54726100
2023-02-15,96.27597045898438,96.45473777513115,93.50508084727629,93.84274823492368,50169000
2023-02-16,94.85577392578125,97.01090795498209,94.09104405920391,94.71673350951889,42462600
2023-02-17,93.70372009277344,94.9054309285721,92.57152946806612,94.20029519403576,34284100
2023-02-21,91.16126251220703,92.46228691724235,91.09174229767389,92.36297340750001,33629300
2023-02-22,91.022216796875,91.4790649768656,89.98933968584355,91.07186976029493,30884000
2023-02-23,90.26741790771484,91.31022861201542,89.14516094882144,91.29036136551639,41206400
2023-02-24,88.51946258544922,89.27425875661521,87.97323459585745,88.82734425811887,36585100
2023-02-27,89.25440216064453,89.54241659872595,88.72802624317121,89.25440216064453,27502300
2023-02-28,89.44309997558594,90.60509140829545,88.70817098707695,88.7181046101625,30142000
2023-03-01,89.74105072021484,90.40645952118473,89.05577467248298,89.36365638021726,31111200
2023-03-02,91.36980438232422,91.64788518332035,88.97630913050227,89.04583690788485,32204400
2023-03-03,93.0085220336914,93.08797587186704,91.81673719246199,91.84653806462914,35160100
2023-03-06,94.47837829589844,95.31262842606304,93.35612126799852,93.37598093858426,32639300
2023-03-07,93.21707153320312,95.01467083852157,92.88933017275697,94.3294024032927,27835500
2023-03-08,93.60440826416016,95.30269423163304,93.35612070908282,93.47530146328849,34103300
2023-03-09,91.6876220703125,94.87563316082465,91.2705008234345,93.40577517359714,28813500
2023-03-10,90.00919342041016,92.15440133504755,89.78077313404465,91.53864552759404,35941000
2023-03-13,90.48590850830078,91.93590678175909,88.80748237211967,89.47289113745587,37335600
2023-03-14,93.32632446289062,93.71365243038926,91.80680588622143,91.92597905952277,36050200
2023-03-15,95.45166015625,96.26604296450648,92.00542797274241,92.58145687000861,50622100
2023-03-16,99.63282012939453,100.49686346498038,94.84583683514583,95.54103889104195,65492000
2023-03-17,100.92391967773438,102.13555648041809,99.41432722588,99.57323488486855,61028500
2023-03-20,100.52666473388672,101.05303312899842,99.18591347561197,99.43420102629747,32960400
2023-03-21,104.20130920410156,104.38007652952844,100.52665677571322,100.55645006709534,42110300
2023-03-22,102.66194152832031,105.85987888934471,102.62221461004776,103.55577066948071,43427400
2023-03-23,104.87664794921875,105.5718575582382,103.74445745321431,104.34034599156392,40797800
2023-03-24,104.71775817871094,104.76741114179761,103.12871181724563,104.27083604812334,30393300
2023-03-27,101.7581558227539,104.0424040271739,101.23178749509955,103.90336362277968,31120900
2023-03-28,100.33795928955078,101.74823069594882,99.05679467597474,101.7383046499017,32057900
2023-03-29,100.69548797607422,101.78795157003168,99.96055902408595,101.57939095840531,28779600
2023-03-30,100.19892120361328,100.46707599580894,99.09652389599678,100.21878845043828,33086200
2023-03-31,103.01947021484375,103.1783703015433,100.34789383942677,100.60611500458978,36863400
2023-04-03,103.64514923095703,103.81398293626825,101.23179408733668,101.68864224254398,25035400
2023-04-04,104.00267791748047,104.85678759514104,103.32733555786824,103.61534999123135,24420100
2023-04-05,103.75440216064453,105.37323425192203,102.9499529267833,105.05542649237262,28290500
2023-04-06,107.6773452758789,108.42220794255289,103.61536450397485,104.53899451373599,48711500
2023-04-10,105.71090698242188,106.85302362121595,104.39994905536618,106.24720898582663,27067400
2023-04-11,104.62837219238281,105.99892431955422,103.9629633760187,105.82015698023338,26311800
2023-04-12,103.92322540283203,106.018772710828,103.62527734328293,105.84993901307934,24370300
2023-04-13,106.6941146850586,106.75370126589488,105.11500209869247,105.11500209869247,24843600
2023-04-14,108.1242446899414,108.1937648877962,106.10814379788563,106.15780432941047,26578000
2023-04-17,105.24413299560547,105.43283396741354,103.80406058968742,103.94310859537526,37571200
2023-04-18,103.78418731689453,105.81021446659526,103.3571324631272,105.76055392984837,26596400
2023-04-19,103.46638488769531,104.26090805358163,102.36398759416694,102.87049630184782,20905700
2023-04-20,104.56878662109375,105.52220991435789,103.1585151400448,103.19824205773932,27820800
2023-04-21,104.6879653930664,105.27392036941873,104.0622759226367,104.74755197991318,25800100
2023-04-24,105.24413299560547,105.89960821919207,103.98282793741743,104.76741754261379,23542800
2023-04-25,103.13864135742188,105.95919171793508,103.12870773434398,105.10508198445909,46664100
2023-04-26,102.9996109008789,105.62152693899272,101.92700681879552,104.2013217869198,53347600
2023-04-27,106.85301971435547,107.62768318681694,102.83076620158695,103.73452888709065,50089200
2023-04-28,106.60472869873047,106.61466232138405,104.37014096111682,106.30678821332904,36139800
2023-05-01,106.46568298339844,107.25027243697592,106.08828868984736,106.10814835703064,26681700
2023-05-02,104.59857177734375,106.46569130091618,102.99959945592909,106.4061047175776,30997200
2023-05-03,104.6879653930664,106.75371203414588,104.24104326031167,104.80713856675996,21795400
2023-05-04,103.97289276123047,104.8766554674694,103.25782343309649,104.76740834360812,23419500
2023-05-05,104.84687042236328,105.15474457175311,103.39687198275944,104.10200774315436,26639300
2023-05-08,107.03177642822266,107.22047736041962,104.4396617959634,104.45952146281564,26511400
2023-05-09,106.61466979980469,109.3954933214144,106.45576971187144,107.64754689134159,36360100
2023-05-10,110.98452758789062,112.16637867324104,107.1906943752199,107.2304212898766,63153400
2023-05-11,115.77151489257812,117.11226610524719,113.62631446773452,114.60953101340723,78900000
2023-05-12,116.70507049560547,117.22150521421085,115.31465883871317,115.88075409322448,41102300
2023-05-15,115.71192932128906,117.66843638362967,115.21535423245682,115.31466773479636,36266800
2023-05-16,118.69136810302734,119.92287207980637,115.63246404016076,115.69205062023809,45035600
2023-05-17,120.01226806640625,120.83658456146485,118.07562818248286,118.79069754797297,33323600
2023-05-18,121.9886245727539,122.4653323618153,120.00232443835284,120.12149759705134,35234200
2023-05-19,121.91912078857422,125.10713202432453,121.31329855983212,122.7037103565703,41353400
2023-05-22,124.19342803955078,125.56397250500119,121.89924606366814,122.0978806379514,35253000
2023-05-23,121.7204818725586,123.77630241228727,121.37288083002176,123.30952819924319,34046300
2023-05-24,120.07186126708984,121.07494509546325,119.03898414491616,120.29035552447165,34182600
2023-05-25,122.63419342041016,124.46158620190747,121.12460083147897,123.66706298908738,42317000
2023-05-26,123.7564468383789,124.40199598281583,121.61123877264411,122.32630812788905,35635900
2023-05-30,122.82288360595703,124.79925796255891,121.16432458789733,124.77939071533267,35076700
2023-05-31,122.02835845947266,123.210201954541,121.66089018583695,121.90917771682845,37325800
2023-06-01,122.8725357055664,123.56773776803037,121.78007207435125,121.97869907015976,30772700
2023-06-02,123.81603240966797,125.28589802529251,122.91226967657958,123.14068997715961,26980100
2023-06-05,125.14685821533203,126.55712967396519,122.99171653318454,123.16055782498627,32305500
2023-06-06,126.43795013427734,127.41123309167713,124.50131026598763,125.14685941446244,26638300
2023-06-07,121.66090393066406,128.1560998073285,121.28350956868856,126.1002866986797,52539000
2023-06-08,121.30335998535156,122.38589760029983,120.40952332556272,121.39274743989765,29389200
2023-06-09,121.39274597167969,122.91226448637528,121.07493822728019,121.41260564070839,23778300
2023-06-12,122.79308319091797,123.20027838695897,120.8266501491064,121.94890708399343,28306400
2023-06-13,122.9817886352539,124.30268019345986,122.33623950268348,124.12391285793474,22278300
2023-06-14,122.82288360595703,123.2002855319085,120.61808894619637,122.25678829416454,30592300
2023-06-15,124.233154296875,124.60062259691578,121.56158542388738,122.29651444683428,35246300
2023-06-16,122.68384552001953,125.2461749072965,122.43555796490669,125.06740756452986,45535600
2023-06-20,122.25679016113281,123.71672219203282,121.30336686235084,122.08795644280508,26097500
2023-06-21,119.72425079345703,121.8197981667708,119.2773286902029,121.56157701225514,30306300
2023-06-22,122.30644226074219,122.39582213705168,118.01603392379701,119.17801777862638,26952200
2023-06-23,121.50198364257812,121.94890574873948,120.23075268459189,120.54856042408845,34913600
2023-06-26,117.52937316894531,121.16430598553549,117.45985296859634,119.93280204629629,33969900
2023-06-27,117.51947021484375,118.26433289799466,115.3047418363356,116.27803240959221,39535900
2023-06-28,119.35678100585938,119.56534162054723,116.04958930766475,116.28794321343172,27091400
2023-06-29,118.2841796875,119.23760290884682,117.48966412494475,118.42322010037552,24090900
2023-06-30,118.88006591796875,120.25061792814805,118.87013987233996,119.34684768508002,29532200
2023-07-03,119.07870483398438,119.36671928754727,118.0061008504676,118.4232220961238,14467900
2023-07-05,120.91603088378906,121.77014061981656,118.4132958372177,118.42322188319095,27584800
2023-07-06,119.28726196289062,119.47596291107514,117.58897616063236,118.97938784922883,24745200
2023-07-07,118.66158294677734,120.2208283751295,118.58212911647212,119.27733118880711,21709500
2023-07-10,115.65232849121094,117.49958832134938,115.3444543785659,117.48966227568181,35315200
2023-07-11,116.33760833740234,116.9037036216299,114.55986865395298,115.49343222262571,23078800
2023-07-12,118.11534881591797,119.5057605551569,117.59891406672692,117.98624202290381,30404400
2023-07-13,123.68692016601562,123.97493461778386,119.62493212633821,120.1016475306422,44297900
2023-07-14,124.56088256835938,125.91156729800437,122.64410259004947,123.94513436143531,33283100
2023-07-17,123.79617309570312,126.2293880381479,123.34925096248992,125.07733775416551,25716200
2023-07-18,122.9122543334961,123.82595057602916,122.1177312495599,123.7464967522088,26193600
2023-07-19,121.1941146850586,124.32253925282353,120.96569438792449,123.74651033261091,37224000
2023-07-20,118.38349151611328,123.2399950067099,117.41020863971083,120.58828599937979,37906800
2023-07-21,119.1978759765625,120.16123282072522,117.91671896913194,119.79377211980879,72937900
2023-07-24,120.6975326538086,122.15746453991983,120.15130463507315,120.8266470185418,29686100
2023-07-25,121.37287902832031,122.3064425948192,120.19102792410442,120.52870291550938,52509600
2023-07-26,128.38453674316406,130.08281518007243,127.44104703885162,129.179059972053,61682100
2023-07-27,128.5136260986328,132.32733427349476,127.90780388799678,130.76808123057597,44952100
2023-07-28,131.6718292236328,132.82388686420134,129.67560317302681,129.88415618727933,36591200
2023-07-31,131.81089782714844,132.61534707710356,130.87733419979864,131.82082387376738,28055500
2023-08-01,130.64889526367188,131.72149916208852,129.78484439440243,129.884165463508,23166800
2023-08-02,127.5006103515625,129.1988884784206,126.68622002320818,128.56327304220613,26273300
2023-08-03,127.57013702392578,128.50370061366522,126.54719355540765,127.093429182837,20089500
2023-08-04,127.23246002197266,130.6091643030469,127.03383303266261,128.39444382141764,26147200
2023-08-07,130.62904357910156,130.7084974129968,128.1362420519994,128.27528247274873,22746300
2023-08-08,130.49990844726562,130.60915555721093,128.65264877726932,129.72525263284138,23535200
2023-08-09,128.77183532714844,131.1355220716262,128.11635267643106,130.7581353686435,24912900
2023-08-10,128.8016357421875,131.14547052700968,128.56327426848324,130.42047521494374,20857800
2023-08-11,128.67254638671875,129.0400071367673,127.29206811941127,127.77871720660644,19591100
2023-08-14,130.43040466308594,130.4701239992725,128.07664377163357,128.5036910412777,24695600
2023-08-15,128.89100646972656,130.51977187217506,128.39443146709877,130.2019717507118,19770700
2023-08-16,127.81842803955078,129.38760717811937,126.99411913004235,127.81842803955078,25216100
2023-08-17,129.0300750732422,131.08590330762058,128.40438558377576,128.91090189592276,33446300
2023-08-18,126.58690643310547,128.36464595951847,125.51430254390651,127.62970945554862,30504800
2023-08-21,127.49068450927734,127.84821918235714,125.6930850975567,126.30884094055737,25248700
2023-08-22,128.1958465576172,129.38762392408955,127.44105776151467,127.62974359483674,22054900
2023-08-23,131.46328735351562,132.49617204970477,128.98041184919285,129.28828598704578,27819700
2023-08-24,128.89100646972656,133.33038820556027,128.6824534550121,133.0324401731303,28500700
2023-08-25,128.99034118652344,129.86430297876237,126.37835154683795,128.6526586317479,26762900
2023-08-28,130.1125946044922,131.63211310890395,129.24855883060624,130.41054267784654,20543300
2023-08-29,133.64822387695312,135.6345241905877,131.33418219305656,131.33418219305656,43075600
2023-08-30,134.9492645263672,135.34651857557154,133.1516649491711,133.85679315964938,28315800
2023-08-31,135.23724365234375,137.05471010485502,134.8598417751532,135.0783360036038,30053800
2023-09-01,134.7307586669922,136.51843204322375,133.9263094362553,136.51843204322375,21543700
2023-09-05,134.83999633789062,135.48553785563058,133.65814526775816,134.5122549790437,19403100
2023-09-06,133.53897094726562,135.59478380227105,132.7543738711037,135.08828269985364,18684500
2023-09-07,134.33346557617188,134.65128085502647,132.03929146615658,132.6749068695992,18844300
2023-09-08,135.44581604003906,135.7238968568323,133.92629759318024,133.98588417474053,23558300
2023-09-11,135.98211669921875,136.53827835845289,134.85985218052008,135.60471479290905,20763400
2023-09-12,134.4129180908203,135.9324363867072,134.26395165172022,135.326614277256,18405500
2023-09-13,135.77357482910156,135.9622606435177,133.2310975066341,134.16466114901567,20749500
2023-09-14,137.15403747558594,137.74991845433803,135.30677764834488,136.6574624161584,24751000
2023-09-15,136.45883178710938,137.57117031901896,135.5451354191522,137.03486072317858,38919600
2023-09-18,137.2633056640625,138.2067953909421,135.6742591682765,135.6742591682765,21861300
2023-09-19,137.0944366455078,137.46191249681675,135.6841652859194,136.4786884171114,20353700
2023-09-20,132.8238983154297,137.13416606327112,132.7047099998862,137.13416606327112,29927500
2023-09-21,129.5465087890625,131.32424090064023,129.17904808066385,130.53965894518316,31503900
2023-09-22,129.3577880859375,131.12559388160363,128.71224664472,129.86428913269586,26397300
2023-09-25,130.2119140625,130.27150064557682,128.0766473461499,128.94068310930032,20094600
2023-09-26,127.6893310546875,129.46706328054253,126.34857219602962,128.88110828778912,25718700
2023-09-27,129.6457977294922,130.00333234503205,127.68930612014735,127.68930612014735,22746500
2023-09-28,131.4036865234375,132.38691057211608,128.9009440431534,128.9506045787111,22513100
2023-09-29,129.963623046875,133.13177429920455,129.46704799551972,132.36704447692242,30859800
2023-10-02,133.25096130371094,133.49924885517964,130.27151068608651,130.31124518071243,22288000
2023-10-03,131.5228729248047,133.34033959843973,130.9369179473362,133.0225394165618,22989400
2023-10-04,134.3136444091797,134.64138580810248,131.62220058096094,131.88041418877737,26752300
2023-10-05,134.14479064941406,134.56191187093788,132.53587719008763,134.14479064941406,19832600
2023-10-06,136.63760375976562,137.2136326834235,133.09205033852737,133.09205033852737,27597600
2023-10-09,137.47183227539062,137.9882745602618,134.68108297486128,136.00197439996847,19278100
2023-10-10,137.11431884765625,138.76295187271583,136.38932342021002,137.55130737519204,27786600
2023-10-11,139.58724975585938,140.1434113878539,137.63074284413509,137.63074284413509,25884300
2023-10-12,138.01808166503906,140.25266956903684,137.3129383696769,140.08383585702484,24765500
2023-10-13,136.41909790039062,139.0410135497291,135.68416137323422,138.42526533908884,23420500
2023-10-16,138.14718627929688,138.67355462493762,137.04478905169177,137.22354879733518,28501900
2023-10-17,138.76296997070312,138.94172976204413,136.24035956156368,137.68043971174632,23515800
2023-10-18,137.01499938964844,139.75608830865576,136.4389704924277,138.4947833931161,23375000
2023-10-19,136.80642700195312,138.70334734005715,136.43896631236626,137.55128958091115,26066000
2023-10-20,134.67117309570312,136.9256131371894,134.1547307488375,136.38931869741043,26335700
2023-10-23,135.5649871826172,136.71704492317136,133.0324514241763,134.1149813844345,26317900
2023-10-24,137.8591766357422,138.40541227579737,136.47869846593147,136.88589368436072,44814300
2023-10-25,124.74959564208984,127.43109811714302,124.21329363165228,127.28213165074476,84366200
2023-10-26,121.44239807128906,123.47835889189942,120.43931430693331,122.42561458962273,57061100
2023-10-27,121.3331527709961,122.4653433429545,119.38657937399506,122.03828847268005,44566500
2023-10-30,123.60746765136719,124.54103122378429,121.90918179187298,122.36602995491228,28940100
2023-10-31,123.23007202148438,124.51123661998803,121.84959392373723,124.20335492205861,26292300
2023-11-01,125.58383178710938,125.62355870184368,122.87253615641731,123.22013718892472,30082400
2023-11-02,126.6167221069336,128.09651384446602,126.06056039664168,127.5403521341741,27124600
2023-11-03,128.21568298339844,128.6427302490581,126.98417141335472,127.14307906515411,26393100
2023-11-06,129.3577880859375,129.44716794931844,127.78860926031781,128.16601111139252,19052700
2023-11-07,130.0728759765625,131.00643953950896,128.99034595326017,129.8146623938561,29757300
2023-11-08,130.93690490722656,131.30438074733325,129.88416823105302,130.0728691738139,26425800
2023-11-09,129.34788513183594,131.64205962708724,129.17905141944397,131.05610465685587,23747800
2023-11-10,131.68179321289062,131.8903614415095,128.52358256716738,129.20885869142413,26913300
2023-11-13,131.18519592285156,131.68177098364296,130.35095345774636,130.8773218098438,18324800
2023-11-14,132.70472717285156,134.7704814431392,132.4067942311074,133.27083007070482,32395200
2023-11-15,133.69786071777344,134.10505589307232,132.65506524316734,133.94614824111162,23861500
2023-11-16,135.99205017089844,136.28007221647312,133.3999426863431,134.26397851452822,28013200
2023-11-17,134.3831329345703,135.12799548367562,132.73450018885973,135.06840890443,37240600
2023-11-20,135.31671142578125,135.72390663480266,132.70472161458173,132.774249400923,27815500
2023-11-21,136.03176879882812,136.240321830969,135.02869266524024,135.35641885860446,22635300
2023-11-22,137.54136657714844,138.46498892143381,136.52834920416745,136.52834920416745,17813900
2023-11-24,135.75369262695312,137.1838312275909,135.05849057227317,137.08451015366452,12514300
2023-11-27,135.47561645507812,137.47184281366268,135.06842125397912,135.098214546326,23436500
2023-11-28,136.2602081298828,136.30986867209273,134.49240193795245,135.1478847248758,18730000
2023-11-29,134.0653533935547,137.34273698978822,133.91637176828155,136.62768277470195,23967200
2023-11-30,131.62217712402344,134.62149456857514,130.38073954068037,134.12491953523792,38988300
2023-12-01,130.95675659179688,131.20504408608176,129.7749056943182,130.95675659179688,31442300
2023-12-04,128.38453674316406,129.13932547576,127.02391817626064,128.9903590003365,36669900
2023-12-05,130.09275817871094,131.23487491745817,127.37152100730603,128.06672315933784,27384800
2023-12-06,129.12937927246094,130.93690456062552,128.99033886567904,130.53965058532518,23576200
2023-12-07,135.99205017089844,137.61088985291832,133.77732945899103,134.11499689135425,56767100
2023-12-08,134.0653533935547,135.46568368379624,133.11192251632352,133.280756234884,32260100
2023-12-11,132.37696838378906,132.42662891897587,130.4601959905728,131.47321332216674,31138000
2023-12-12,131.61227416992188,132.0889820423679,130.36089516762976,130.90713083098981,29032800
2023-12-13,131.66192626953125,132.5855486603067,130.66877609230048,132.4663754884051,30104800
2023-12-14,131.03622436523438,132.80403030049175,128.8016366786629,132.46636290932295,38722400
2023-12-15,131.69171142578125,132.59546651397721,130.28142492549298,130.71841340115773,50847100
2023-12-18,134.8697967529297,136.21054039619156,131.52287035934194,131.72151251769395,32258000
2023-12-19,135.71395874023438,136.52834911810746,135.14787104828332,135.90265968897415,25476800
2023-12-20,137.3923797607422,140.72936466802966,137.12424014761805,138.01806916656724,49107200
2023-12-21,139.45814514160156,139.72629993086744,138.22663347448133,138.5345227569631,27488300
2023-12-22,140.5208282470703,141.01740335058128,139.74617229793478,139.80575888567296,26532200
2023-12-26,140.55059814453125,141.70264067565995,140.22285681225833,140.62011076723138,16780300
2023-12-27,139.40847778320312,141.10677115979163,138.9317699678128,140.62012214444914,19628600
2023-12-28,139.26942443847656,140.17319460263687,138.79271666735764,139.81565998573097,16045700
2023-12-29,138.73313903808594,139.39854778247008,137.82936881563538,138.67355245713628,18733000
2024-01-02,137.2235565185547,138.49478751777463,135.54513031454442,137.60095843072804,23711200
2024-01-03,137.9684295654297,138.67357290392897,136.14103676028307,136.30987048262347,24212100
2024-01-04,135.45574951171875,138.20677969396053,135.41603017325698,137.47184312113336,27137700
2024-01-05,134.80027770996094,136.22049043209554,134.22424875277005,135.8132951970394,22513900
2024-01-08,137.88897705078125,138.05781077474165,135.32664758768124,135.35644088283485,21404000
2024-01-09,139.9844970703125,140.5208065858233,137.20367388846037,137.5512824690421,24759600
2024-01-10,141.30538940429688,142.02045866024227,139.94477867069364,140.03415853912,21320200
2024-01-11,141.10678100585938,144.2252720005351,139.67664230562886,142.50712641269087,24008700
2024-01-12,141.67286682128906,142.21910245000933,140.8485655093565,141.6927340680432,18785500
2024-01-16,141.51397705078125,143.36123702369463,140.48109235933,141.0273279986293,22670500
2024-01-17,140.50094604492188,140.86840673304152,137.94854301050196,140.38177288213018,20968600
2024-01-18,142.49716186523438,143.2221722972094,141.01737802130023,141.0769645983356,25746400
2024-01-19,145.3773193359375,145.44683196408025,143.39101909701728,143.74855374619364,34271900
2024-01-22,144.99000549316406,147.37355994991844,144.84102386819836,146.09240283912362,32200400
2024-01-23,146.03280639648438,146.17184682560335,144.50336167617556,144.89068966831204,21636100
2024-01-24,147.6814422607422,148.82357416490728,147.0855611907291,147.52253458036384,25233500
2024-01-25,150.8297119140625,152.00163699834405,148.5156701926149,149.0420537261972,29149100
2024-01-26,151.14752197265625,151.49511542850038,149.9755969292419,150.06499195893298,26115500
2024-01-29,152.45848083496094,152.72663563055315,150.39272661279912,151.01841608442453,27784300
2024-01-30,150.4225311279297,152.56772397377597,150.15437633934806,151.7533487161558,36331800
2024-01-31,139.14036560058594,143.01364577871772,138.9119301163919,142.636243808546,71910000
2024-02-01,140.19308471679688,142.08006401958028,139.8256088409139,141.14650041457003,40466500
2024-02-02,141.40472412109375,141.64307045990364,135.56499635195138,138.3060853281464,62499600
2024-02-05,142.69581604003906,144.47356341654853,141.801986905598,141.84172140070675,38505400
2024-02-06,143.11294555664062,144.36430931528574,142.20917526492912,143.65916602671757,29128200
2024-02-07,144.54307556152344,144.62252939720187,142.94410310988516,143.76841960649566,25208900
2024-02-08,144.91055297851562,145.32767425453704,144.10610372088362,144.83109914199682,22563800
2024-02-09,147.97938537597656,148.41637390512574,145.17869443239508,145.6752695511064,26829500
2024-02-12,146.51943969726562,148.3170390352505,146.3605320370219,147.403342720252,21564100
2024-02-13,144.1457977294922,145.66531609448003,142.70573318705974,143.92730350603156,27837700
2024-02-14,144.94033813476562,145.5163670514816,143.10300425982211,145.0793785522992,22704200
2024-02-15,141.7920684814453,142.53693118494525,139.49789377934877,142.15952923247207,37590700
2024-02-16,139.5574493408203,142.2091581571692,139.18004747226115,142.01053117792068,31468900
2024-02-20,140.15333557128906,141.1067663236611,138.5345112327269,138.70334492917732,25144700
2024-02-21,141.5735626220703,141.71260304250615,139.71636146177912,140.4810913513108,23223300
2024-02-22,143.10299682617188,144.00676707032724,141.8218398421828,143.9372392880377,27191900
2024-02-23,142.97389221191406,143.6889463277241,142.44750872748762,142.68587020226934,19493800
2024-02-26,136.627685546875,141.46432235767185,136.44891062377383,141.1663742553499,53641800
2024-02-27,137.9287109375,138.29617167895017,136.15096351175276,137.07460112024197,33099200
2024-02-28,135.44581604003906,137.06464040474236,134.48245922676676,136.95539328712587,37328600
2024-02-29,137.51156616210938,137.9088201307194,135.4656642763921,136.3396411924551,42133000
2024-03-01,136.2006072998047,137.91875276987585,135.98211306034264,137.4817642909518,31151100
2024-03-04,132.43658447265625,134.73075899682425,131.0064457681699,134.73075899682425,55999400
2024-03-05,131.76124572753906,132.32734866075268,129.7749451690699,130.97666367482282,40194800
2024-03-06,130.49990844726562,132.6649834022908,129.95368805180595,132.20812771862853,35318600
2024-03-07,133.4595184326172,134.01568007704142,130.70848834758843,131.88039821915834,37738200
2024-03-08,134.48245239257812,137.14408726212994,133.08210718000322,133.29067535913302,39370400
2024-03-11,136.7269744873047,138.14718703170163,135.1975299783761,135.1975299783761,32437800
2024-03-12,137.55128479003906,138.4252617016085,136.09135297378896,136.09135297378896,27563400
2024-03-13,138.8324432373047,140.12354137422258,138.0379352954484,138.04786134072793,23347200
2024-03-14,142.11978149414062,142.60641533113196,139.49786590784714,140.22286121787153,42753400
2024-03-15,140.2129364013672,142.19923677925948,139.07081974578682,141.52390192482534,49475400
2024-03-18,146.66839599609375,151.10777804956146,146.16189491270958,147.59203344728544,69273700
2024-03-19,146.02285766601562,147.7707963825931,145.0793681039668,147.14512212588627,24070400
2024-03-20,147.72116088867188,147.84033405901792,145.73486056013707,146.98622431157722,21311500
2024-03-21,146.58897399902344,149.33998911224745,145.89375674311398,148.44616000360566,24755600
2024-03-22,149.73724365234375,150.54169280238673,147.959496500819,148.09853690756384,29211800
2024-03-25,149.04205322265625,149.3499273505425,146.8074653411052,148.91293885124503,19229300
2024-03-26,149.637939453125,151.21704464082924,148.9526633875218,149.1910248920745,22149100
2024-03-27,149.8365478515625,150.60127765702768,147.88004097990625,150.1444219519495,22879200
2024-03-28,149.89614868164062,150.39272376928287,149.14136000396124,149.8167100033746,24485400
2024-04-01,154.42494201660156,154.67322958583603,149.57836381577835,149.65781765644584,31730800
2024-04-02,153.50128173828125,153.64032215037406,151.1077862868628,152.448545024683,24586000
2024-04-03,153.8588104248047,154.01771807653932,151.68380929877364,152.54786018366337,24705000
2024-04-04,149.49888610839844,153.7098480658943,149.41943228041532,152.4485431723482,34724700
2024-04-05,151.45538330078125,152.36907953234603,148.57525420463722,149.00230145399445,23459200
2024-04-08,153.78932189941406,154.2064431848851,151.56465988929844,151.73349361287455,20702000
2024-04-09,155.52731323242188,157.47387896093983,154.1269679407953,155.02079697777037,31079500
2024-04-10,155.07046508789062,155.5372468745642,153.6204591891085,155.13999287301036,22838600
2024-04-11,158.3180694580078,158.58620908812793,155.38827953878376,155.83519407658596,27166400
2024-04-12,156.6495819091797,159.12253144332848,156.0636269091037,156.87801737370006,25353700
2024-04-15,153.79922485351562,158.1492271341313,153.53107008373672,157.77182524735122,27136500
2024-04-16,153.3423614501953,154.58379901101057,152.3790046906613,153.13380842636792,20779500
2024-04-17,154.40505981445312,156.0040322116408,153.5211567597512,154.55402627985885,21763100
2024-04-18,154.94134521484375,155.86498270934086,153.56086715021243,154.2759364510269,19883000
2024-04-19,153.0345001220703,155.28895516371534,151.25676805460682,155.13004750565483,32615600
2024-04-22,155.20950317382812,156.56018797481067,153.004708643485,153.252996179296,26446200
2024-04-23,157.17593383789062,157.88107709681086,155.20950082719352,155.88485079460835,21151600
2024-04-24,158.0399932861328,158.47698179082704,156.093412261841,156.41122759408012,22779100
2024-04-25,154.93142700195312,155.4180760423038,149.8365617646382,150.2934175121377,57109700
2024-04-26,170.7721710205078,173.51327522567658,168.48792256762354,173.17559264604492,64665300
2024-04-29,165.01190185546875,168.38862167278765,164.07835338468118,167.9019726128003,45610000
2024-04-30,161.66497802734375,166.94854402823327,161.48621827680026,164.4755947325024,33562900
2024-05-01,162.73757934570312,165.9752432828852,161.97284950974932,163.174567823391,33493200
2024-05-02,165.47866821289062,165.58791533230615,162.76737262737393,163.66120167403318,24294500
2024-05-03,166.09442138671875,166.80949064181576,161.93312021322197,166.41222152550228,34662400
2024-05-06,166.9485626220703,166.9882819640809,164.89273433624226,166.31294707001013,21871300
2024-05-07,170.0769500732422,170.5834511551503,167.23654025708916,167.34578737133612,28039700
2024-05-08,168.21978759765625,168.98450234909356,167.58417206875262,167.84238566808955,19569100
2024-05-09,168.79579162597656,169.52078692984816,167.02797056928586,168.22968881517772,15346700
2024-05-10,167.49476623535156,168.68655853520565,165.05162536004164,166.87901799355728,29799900
2024-05-13,167.98141479492188,168.12045520894833,162.87662365956714,163.13483724153954,31327600
2024-05-14,169.17320251464844,170.0769728394624,167.64375786472982,168.60711477724234,25127100
2024-05-15,171.32835388183594,171.46739431854513,169.34205326926423,169.46124161092283,26948400
2024-05-16,172.98687744140625,173.9204409616944,171.50709348859317,172.1029744570571,27867900
2024-05-17,174.85398864746094,175.06255681780982,172.50022796893245,172.98686177596892,24479300
2024-05-20,175.7081298828125,177.545463796925,174.8738873598263,174.9831344869509,22554400
2024-05-21,176.63177490234375,176.92970784866182,174.60573994176147,175.6882700581035,16989400
2024-05-22,175.17181396484375,175.93652860666225,174.00983020298898,175.4300275271668,17880000
2024-05-23,172.36122131347656,177.02902425167093,171.76532512806048,175.85711428242732,21024900
2024-05-24,173.79136657714844,174.5660225547883,172.46053373352476,173.78142537597992,16579400
2024-05-28,175.1916961669922,176.05574718016658,173.1756023933686,173.2550562310323,20572200
2024-05-29,174.69509887695312,175.62866240818713,173.52318901724615,174.22831711133614,23388700
2024-05-30,170.9310760498047,174.01977367898226,170.6132607219414,173.99990643242356,22931500
2024-05-31,171.31837463378906,171.8745362079176,168.27933806496793,170.68275924131842,37638900
2024-06-03,171.9838104248047,173.33449524100553,169.9875840699293,171.35812097814537,27459100
2024-06-04,172.5995635986328,172.6591653391861,170.71258431304562,172.09306246094846,26879600
2024-06-05,174.2084503173828,175.4399466552728,172.7385773626021,173.99988214330352,22068500
2024-06-06,175.5194091796875,175.9365303942632,174.5461263456775,174.69509279578756,23251000
2024-06-07,173.26498413085938,176.65161466995326,173.10607646773101,175.83723941639084,19661400
2024-06-10,174.01068115234375,176.0489786130458,171.77352873315732,173.9709162293112,23726700
2024-06-11,175.6114959716797,175.83024098669136,172.77777855811084,175.21378603801926,21540600
2024-06-12,176.77479553222656,179.379845400023,175.10439577424404,177.23217556405126,27864700
2024-06-13,174.1598358154297,175.7308157979112,173.8814358359176,175.10440825817855,20913300
2024-06-14,175.78053283691406,176.04899540088178,173.1556076882918,173.2252152748125,18063600
2024-06-17,176.2279815673828,177.3415816167514,173.8118487518229,174.45814641535225,19618500
2024-06-18,174.09022521972656,176.3770951589655,173.10588787052086,176.1285226693017,21869900
2024-06-20,175.29330444335938,176.27764168979323,173.99078716097898,174.36860698909152,20160100
2024-06-21,178.60430908203125,179.81734403821838,175.60154917641552,175.98932165115332,57759000
2024-06-24,178.19664001464844,179.85710235428542,177.6497775263464,179.1312749634446,18298000
2024-06-25,182.9791717529297,183.23768166890378,178.39549464018754,178.59434958875684,23130200
2024-06-26,182.83004760742188,183.45643998230676,181.4380325230597,181.58718512405983,19839000
2024-06-27,184.351318359375,184.98766337259178,182.9692558226232,183.128330697181,18848900
2024-06-28,181.1099090576172,184.07290404421764,180.92100671054675,183.2675316089203,29156600
2024-07-01,181.9451141357422,182.83003153925785,180.26476177845004,181.98487905618407,16006100
2024-07-02,184.18228149414062,184.51039900838427,180.52328647575237,181.01049402811313,17372500
2024-07-03,184.75897216796875,185.027419540138,182.94935711411654,183.79450966944947,10242100
2024-07-05,189.51168823242188,189.77019818175984,184.7390929924964,184.7987479676004,20967500
2024-07-08,187.9506378173828,189.08412781251326,186.70777531519326,188.81566526397512,21035900
2024-07-09,187.9009246826172,190.26733979712682,187.64241473790693,189.22333223651012,15121400
2024-07-10,190.08834838867188,190.65510095160317,187.9506310307602,188.06994097173066,15952500
2024-07-11,184.51039123535156,189.77017833635344,184.02318370351583,188.76595095990965,25625800
2024-07-12,184.0132598876953,186.0416048375752,183.43656985987124,184.02319732602172,22898400
2024-07-15,185.46490478515625,187.16514729008762,183.86409734476058,183.86409734476058,16474000
2024-07-16,182.86981201171875,187.6026268731147,182.32294948626117,186.29017198367765,18290700
2024-07-17,179.9863739013672,182.5019263017259,178.8727588226684,181.92523630082098,20734100
2024-07-18,176.67538452148438,181.45791677729983,175.4623495627197,180.89116422058456,25315700
2024-07-19,176.6455535888672,179.2605258026029,176.11858113676493,177.8585885239563,18881900
2024-07-22,180.6326446533203,181.6567620385204,179.20086476715244,179.5588097386944,24100300
2024-07-23,180.751953125,182.56156801417904,180.50338065154088,181.01047820725972,36352700
2024-07-24,171.64430236816406,175.18397264617857,170.83892982612468,172.60876496513194,49585200
2024-07-25,166.3248291015625,172.42976906222302,166.2353466432372,171.53491413564743,44852000
2024-07-26,166.04641723632812,167.1301896118219,163.12320243356427,166.19555465619968,41336900
2024-07-29,168.5619659423828,169.45682078589076,167.03076616819678,167.86596604502552,20293800
2024-07-30,169.317626953125,170.2522619227889,167.47819966988007,169.2679245935279,18959700
2024-07-31,170.56048583984375,173.25501819286436,169.0392234792002,172.25079083759002,25729100
2024-08-01,169.7849578857422,173.0561805386624,167.91570297002085,169.2778754387371,24531400
2024-08-02,165.70838928222656,167.54781683731068,163.7297465503833,165.48964424969463,29130100
2024-08-05,158.34068298339844,163.49109791672467,154.04534288788773,154.61209547201543,53630700
2024-08-06,157.38616943359375,159.65316476450204,155.51691440769267,158.42023960862736,49004600
2024-08-07,158.03244018554688,162.0493647327587,157.56512271570298,160.329247442372,25138600
2024-08-08,161.10479736328125,162.7553223007696,159.295197566251,159.59347241017986,25578800
2024-08-09,162.7354278564453,162.85473779079283,158.15175076145542,159.09632314224646,28602300
2024-08-12,161.3633270263672,163.9584246876545,160.91589953407535,163.41157729244355,15895300
2024-08-13,163.22264099121094,163.78937837052388,162.03943352934883,162.47692353255772,18551700
2024-08-14,159.4542694091797,162.2880017461777,156.80946975586303,161.47267673043564,40591100
2024-08-15,160.37899780273438,160.7170527989888,158.69864508910214,159.58356268027578,31524300
2024-08-16,162.02951049804688,164.11751046492753,160.20995791655398,160.54801288666866,24208600
2024-08-19,165.7183074951172,165.73819754258415,163.32206502598987,164.3362450435517,22416200
2024-08-20,166.2253875732422,167.67705758463384,165.8674577538516,165.9469875992757,18341500
2024-08-21,164.9029998779297,165.8972898617058,163.7297298078101,164.20698475195752,22902000
2024-08-22,162.8647003173828,166.63305263271135,162.3774927696954,166.30493512161505,22493300
2024-08-23,164.67431640625,165.23111641753695,162.89454385791046,163.77946141263345,13955700
2024-08-26,165.2112274169922,166.59328988817313,163.52093747817295,165.42997242725056,14190400
2024-08-27,163.73965454101562,165.48961448654234,163.52092471948473,164.89303447390188,11821900
2024-08-28,161.9201202392578,164.65441753105478,160.6076502567984,164.0976024292579,16407400
2024-08-29,160.8562469482422,165.0223247855158,159.33498434884734,163.37179962157677,19699800
2024-08-30,162.4470977783203,162.72549775211684,160.76674532612375,161.69142770230633,22123800
2024-09-03,156.46145629882812,160.92582332682352,155.58647634851752,160.79656078734774,38945300
2024-09-04,155.55667114257812,158.09211373684093,155.06947874092558,155.76547872304474,19353800
2024-09-05,156.3421630859375,158.5395354620366,155.08934799190737,155.40752807028366,18688700
2024-09-06,150.0582275390625,156.92877428174015,149.69034513675084,156.4018018567198,37912100
2024-09-09,148.05706787109375,152.7264627958575,146.57360452316883,151.84037111346015,39260500
2024-09-10,148.00729370117188,150.60583478404823,147.68869140831964,149.78942780245947,31118800
2024-09-11,150.49630737304688,150.83481089337806,146.87229008202618,149.2617463560954,29607700
2024-09-12,154.0108184814453,154.14025256310887,151.97976682488095,153.1247267348267,29621500
2024-09-13,156.76866149902344,157.6846203163579,154.5285403677334,154.7475604574538,29591200
2024-09-16,157.36599731445312,157.55516550467146,155.91241630124466,156.61929036893335,18379800
2024-09-17,158.62049865722656,159.8450939790901,157.68462338017213,158.32181279555903,20715600
2024-09-18,159.10833740234375,159.79531032602117,157.9036585234899,159.1581209112091,23677300
2024-09-19,161.4281005859375,163.07084994877528,160.631610061734,162.9912145689688,26587700
2024-09-20,162.87173461914062,163.01111932448998,161.34845348503907,162.78213342108606,40896400
2024-09-23,161.13937377929688,164.76339107979564,160.9601562027871,163.6283970678755,24150900
2024-09-24,161.5774383544922,162.5033629705114,159.98447247380625,162.31419475907774,23332100
2024-09-25,160.7809600830078,162.09515653085376,160.59179187501798,160.7610436422212,18869200
2024-09-26,162.0155029296875,163.35958160947462,161.56748176702274,162.9215110711205,20319300
2024-09-27,163.2301483154297,164.97246466107853,161.91595188587257,162.09515427507873,21101300
2024-09-30,165.12181091308594,165.42048155404993,162.54317124235408,162.60292056233942,20413900
2024-10-01,166.25680541992188,168.41727581616183,163.85738331840562,166.9537289039037,28338100
2024-10-02,165.13177490234375,166.78449014447432,164.00673142434744,165.6893137329917,17760200
2024-10-03,165.13177490234375,165.90834901528822,163.2002902448892,163.68814431760305,15073100
2024-10-04,166.32650756835938,167.491368768802,164.75344285896497,167.3221169901183,19047400
2024-10-07,162.26441955566406,167.7402713838118,162.03543364200755,166.98361369115,22463100
2024-10-08,163.65826416015625,164.0067183055417,162.15488437084886,163.22019363060423,23072700
2024-10-09,161.1493377685547,164.11624952090352,159.0386507061608,162.7323530653501,31181800
2024-10-10,161.3683624267578,162.35402113493024,159.695730848507,160.16366845010265,14144100
2024-10-11,162.5232696533203,163.18036025385564,160.53205102817606,161.41814270869355,15344300
2024-10-14,164.2357177734375,165.50013065374594,162.6825544952434,162.9215061976869,19016100
2024-10-15,164.73353576660156,166.94377462807307,163.90717815283185,165.06207349535208,20247200
2024-10-16,164.43484497070312,165.07203435121127,163.02108150744417,163.80760621471472,16406000
2024-10-17,162.21461486816406,165.6395132678631,162.04536311131514,165.00232392781157,21453400
2024-10-18,162.70248413085938,163.98682874694387,162.36398058545478,162.47349822564962,19757700
2024-10-21,163.34963989257812,163.77774463817317,161.90599412379152,162.234547045473,20946500
2024-10-22,164.41493225097656,165.0421710211609,162.26441234616763,162.26441234616763,16568100
2024-10-23,162.0653076171875,165.09196890043052,161.21903349459384,164.03661010564252,18280500
2024-10-24,162.0055389404297,162.61286119271972,160.30304043260298,162.11505656598337,22412500
2024-10-25,164.54437255859375,164.86295967221815,162.70248906090407,162.9513914150895,19828900
2024-10-28,165.9879913330078,168.00907708946656,163.23014919167423,168.00907708946656,32138600
2024-10-29,168.9349822998047,169.6319209779577,166.3563578043749,166.99354716216052,42169000
2024-10-30,173.69400024414062,181.22080390832798,173.29574742034202,179.88667593834245,68890800
2024-10-31,170.3587188720703,176.04365502457762,170.2492012343648,172.3698540409386,44769000
2024-11-01,170.53790283203125,171.56339434249736,168.13849607004246,169.3232735157594,31796500
2024-11-04,168.49691772460938,169.98036580888692,167.2723073887744,169.18387535736116,21492700
2024-11-05,168.9947509765625,169.7812757458724,168.0986933699296,168.68609929058584,18242100
2024-11-06,175.73500061035156,176.16312052987965,172.7382219408271,173.03690778369432,33695500
2024-11-07,179.95639038085938,180.28494329004707,176.41202351829116,176.63105879108298,25352900
2024-11-08,177.5669403076172,180.1057320918823,177.29812151933496,179.85682974504894,22006200
2024-11-11,179.5581512451172,179.7572700755342,177.68640081725277,177.79591845275107,17450400
2024-11-12,180.82257080078125,181.68876129211964,178.60236613626623,179.03048606955645,25134900
2024-11-13,178.0946044921875,180.16547375277025,177.75608576913012,179.66766908027805,23184000
2024-11-14,174.80909729003906,178.03487716000262,173.55463493650558,177.49723958577857,31007500
2024-11-15,171.73265075683594,173.37539999767293,170.46822271325942,172.9671965454628,32504600
2024-11-18,174.5303192138672,174.6697039128958,172.1408476982141,172.6585688053745,20135300
2024-11-19,177.3379364013672,178.08464343003916,172.7979600977284,172.95726124320882,23434900
2024-11-20,175.2073211669922,176.89985394642653,173.01698373526585,176.56135042889815,18997100
2024-11-21,166.8939971923828,173.36545785068716,162.98124461770655,173.1364567662256,59734400
2024-11-22,164.03659057617188,165.7291386198519,163.18036592990532,165.12181631038618,38604600
2024-11-25,166.9138946533203,167.88960271467622,164.88285834642193,165.36074656125817,33135300
2024-11-26,168.37744140625,169.07438007569232,166.84420975542025,166.8939932592079,20486700
2024-11-27,168.48696899414062,168.73587133599466,167.28229016697128,168.25798309333703,19266500
2024-11-29,168.20819091796875,168.68607913599834,166.4260569265254,167.76016976407897,14257200
2024-12-02,170.73704528808594,171.32445113236562,167.82986793872016,168.02898676148365,23789100
2024-12-03,170.5876922607422,171.9218050645491,170.09985343093683,170.73704276945597,22248700
2024-12-04,173.60438537597656,174.14202289483944,170.30892108827348,170.39852227748662,31615100
2024-12-05,171.8820037841797,175.28698606114204,171.57336730521956,174.5900625293299,21356200
2024-12-06,173.9429168701172,174.3112874696141,171.10542413534188,171.2746759024565,21462400
2024-12-09,174.80010986328125,175.68721709610546,173.08569798716198,173.3947033817355,25389600
2024-12-10,184.56826782226562,185.75440321939527,180.46166108394456,182.2558148271153,54813000
2024-12-11,194.76502990722656,194.97435419169267,184.2493249317854,184.70782161706586,67894100
2024-12-12,191.33621215820312,194.54573443162946,191.08702455991943,194.36632666128313,34817500
2024-12-13,189.20315551757812,192.10368742772263,189.02373254884577,190.38927563816205,25143500
2024-12-16,196.02093505859375,198.3533273175459,191.99405497177682,192.2432425689094,44934900
2024-12-17,194.7849578857422,200.76546017959686,194.34638528405358,196.60901291047233,43504000
2024-12-18,187.7877655029297,196.35982485436523,187.12992181114345,194.58561039475242,34166100
2024-12-19,187.8974151611328,192.40273129322728,187.7678479495074,191.00728679661606,32265200
2024-12-20,190.78799438476562,192.263180692445,184.61810708296375,185.1762848637503,63462900
2024-12-23,193.99754333496094,194.46601725929617,189.5320904055188,191.99406521325346,25675000
2024-12-24,195.47271728515625,195.47271728515625,193.15028707875092,194.20684004621347,10403300
2024-12-26,194.96438598632812,196.11064287242172,193.7483492712215,194.51583613513964,12046600
2024-12-27,192.1335906982422,194.68528435280825,190.0304468655215,194.31647638353087,18891400
2024-12-30,190.61856079101562,191.92430144195808,188.50543950298513,189.1832377151322,14264700
2024-12-31,188.6848602294922,191.33622003458325,187.89741886934635,190.45907478557154,17466900
2025-01-02,188.81442260742188,191.37607845803336,186.89070161917323,190.03045932269364,20370800
2025-01-03,191.166748046875,192.58214696582633,189.36263229859958,190.74811471378376,18596200
2025-01-06,196.23025512695312,197.57587431060844,193.22007973541784,193.34964695093382,29563600
2025-01-07,194.854736328125,200.34682542030356,193.96762910254256,196.46946706904495,26487200
2025-01-08,193.3197479248047,195.6521403419425,191.7548576174653,191.944242637603,24864800
2025-01-10,191.41592407226562,195.88137644043036,189.69155028344466,193.6685895212531,26665200
2025-01-13,190.38929748535156,190.55874323630746,186.75116443597017,189.4523648405139,21823700
2025-01-14,189.04367065429688,191.35612350397113,187.69805162927054,190.6185379959385,17174900
2025-01-15,194.91453552246094,195.72190087885951,191.23652426846428,192.462522950062,21776000
2025-01-16,192.28311157226562,194.8447520350506,192.1834304546711,193.50911023082176,17815400
2025-01-17,195.3630828857422,196.58908164731528,193.12039443424771,195.89135939313564,27735100
2025-01-21,197.4064178466797,201.63262976778796,197.22699486763423,198.4231075033933,29971300
2025-01-22,197.72537231445312,199.82851627036754,196.88810562725033,198.41313252508547,26200600
2025-01-23,197.33665466308594,199.64912306411188,194.56568956099102,197.49613838919916,26951400
2025-01-24,199.5594024658203,200.24714745985025,197.35657740975262,197.45625853253006,23877500
2025-01-27,191.18670654296875,196.24023876132983,190.11021420279943,191.7847629127979,41728900
2025-01-28,194.6653594970703,194.84476727172617,190.06036222791346,192.1236428916819,24157900
2025-01-29,194.77499389648438,196.15049906796548,192.80141720875304,194.92450036864417,18218300
2025-01-30,200.21725463867188,200.74553115150178,197.0276562944523,197.35658576249432,24354700
2025-01-31,203.35702514648438,204.8122722439576,201.14423799517712,201.34358503753182,32001100
2025-02-03,200.57608032226562,203.08789560873984,199.4497627036024,200.03784179405181,27838300
2025-02-04,205.7093505859375,206.37717152288226,202.1509443892273,202.7290614411804,43856400
2025-02-05,190.70826721191406,192.12365103908184,187.41898765422886,190.4491175677977,70373900
2025-02-06,190.97738647460938,191.4757616843978,188.1067403992826,188.88420450981621,29297400
2025-02-07,184.73770141601562,190.5587196584731,182.6445348609554,190.42915245859984,49315000
2025-02-10,185.86404418945312,187.58841808469597,185.2560258505473,186.74118938897723,23105600
2025-02-11,184.71778869628906,186.33251945346055,183.68115977846736,184.4287225674103,21239500
2025-02-12,183.01333618164062,184.50846173776452,181.23912173844323,182.62460414541655,22072600
2025-02-13,185.5351104736328,185.67465491496642,182.54485940859573,183.7210327362961,21402500
2025-02-14,184.62808227539062,185.7942784810842,183.72105092154337,184.4586365233707,20448400
2025-02-18,183.17283630371094,185.35572224471403,181.14943408652655,184.99689147072442,29916700
2025-02-19,184.66795349121094,184.85733850337527,182.99340488662492,183.47185603605197,19549400
2025-02-20,183.9602508544922,184.7078136523139,182.12623377404523,184.1994764251086,20441500
2025-02-21,179.076171875,184.73770657345142,178.49805484578573,184.54832157311532,35199200
2025-02-24,178.66751098632812,182.52493020594952,178.30868023037235,181.3986125849473,29854200
2025-02-25,174.84994506835938,178.15916354017307,174.1223215693703,177.46142612582926,41913400
2025-02-26,172.16868591308594,175.50780571224857,171.0224290795126,174.50109332110333,35431300
2025-02-27,167.9524383544922,173.99274319952536,167.3942605774098,173.4246033939964,39991000
2025-02-28,169.72665405273438,170.05558350433006,166.22806568264113,168.13184735576206,48130600
2025-03-03,166.46726989746094,172.80660270971413,165.3907776981119,171.37127977724876,40770500
2025-03-04,170.3645782470703,172.72687185175528,165.2612210149662,165.69979362882594,45388000
2025-03-05,172.457763671875,173.21528852342593,168.51062527668861,169.96588759666264,30954900
2025-03-06,171.78994750976562,174.24194511914502,169.9459530788933,169.97585437589512,28302000
2025-03-07,173.29502868652344,174.40142226145525,169.71669832775643,170.70347150998992,27385800
2025-03-10,165.52139282226562,168.10596109578225,163.34598174937858,167.906369246359,43604000
2025-03-11,163.6952362060547,166.39954739419704,161.03084947828359,164.56341811184632,39587400
2025-03-12,166.7587890625,167.2876739545911,163.1863112454469,166.2299041704089,28372400
2025-03-13,162.41793823242188,165.78086619728484,161.76931036259103,165.69104376890482,31756200
2025-03-14,165.14219665527344,166.14009496437765,162.10857726863358,162.92686119092454,31995900
2025-03-17,163.9447021484375,165.95048744156196,163.32601008577632,164.68315235917976,31184300
2025-03-18,160.3323211669922,163.90479897801157,156.39062585030788,163.3359896270705,42074800
2025-03-19,163.54556274414062,165.52139724714462,160.66163707283374,161.42003435006743,34275600
2025-03-20,162.45785522460938,164.5434591319573,160.62172590598882,161.23044451155243,28138500
2025-03-21,163.64535522460938,163.89482981108262,160.55186426165298,160.87119904116452,36625800
2025-03-24,167.3275909423828,167.96626051519195,164.79293578885944,166.71888755590038,30879100
2025-03-25,170.2015380859375,170.27139827842032,167.96625555401127,168.62485688475655,24174400
2025-03-26,164.7130889892578,169.2535292452292,164.49355014774926,168.64481068044992,28901600
2025-03-27,161.89903259277344,165.0723420135672,161.6595315089187,164.2840090226325,24508300
2025-03-28,154.0056610107422,161.4799254652425,153.30713518011623,160.15271877369267,48669300
2025-03-31,154.31500244140625,155.2131048785596,150.34337121509955,152.78821916221315,54603500
2025-04-01,156.73989868164062,157.7677327478603,153.29713724683472,153.29713724683472,30672900
2025-04-02,156.70994567871094,158.07707673307476,154.37486726125917,154.8239184605045,25041700
2025-04-03,150.4032440185547,152.4589122309581,150.07393572821033,150.79242377501242,46883400
2025-04-04,145.29400634765625,150.75251155896433,145.0744674917677,147.6989298070746,62259500
2025-04-07,146.4415740966797,152.52875975799608,140.2346455130815,141.25250603263527,76794100
2025-04-08,144.39588928222656,151.92005142460044,142.72940085243894,150.9021908364876,52200200
2025-04-09,158.37644958496094,159.21468052208976,143.6075513553121,144.11647401855745,70406200
2025-04-10,152.4988250732422,157.38852063839548,149.6148843769422,156.21099272991097,48022000
2025-04-11,156.80975341796875,157.33863834997953,152.4988402629555,152.5786587351614,33636200
2025-04-14,158.73570251464844,161.3801271292812,157.22886621670372,159.66374069863323,30333000
2025-04-15,155.9814910888672,159.3144679755199,154.8838120227522,158.79557178865275,27551500
2025-04-16,153.00775146484375,155.56236873164264,151.1915692108639,152.77823911437727,28187400
2025-04-17,150.84231567382812,154.3549068428226,148.1879024535801,153.96572710201332,33046600
2025-04-21,147.35964965820312,148.63695834662283,145.7929571438361,148.5671133790027,26049100
2025-04-22,151.1516571044922,151.8701451004615,148.22780716014373,148.57707765672205,26971800
2025-04-23,155.0235137939453,157.19892487451833,153.48674181759014,155.28296188170384,31128800
2025-04-24,158.9452362060547,159.2545822353842,155.4625657406937,155.82180972917425,45894000
2025-04-25,161.61962890625,165.75092760525033,160.70154899383132,164.72309348828867,56034000
2025-04-28,160.2724609375,162.80711614692783,158.26669065633925,162.08862808839123,29745800
2025-04-29,159.8234100341797,160.4021929284458,157.1889588897359,159.98307743122987,26809000
2025-04-30,158.4662628173828,158.93527626532435,155.07339925298186,157.6479788523033,34981100
2025-05-01,160.96099853515625,161.60962633825872,158.57602221167295,160.11277889105028,30203200
2025-05-02,163.68527221679688,164.62329914267073,161.5298080330937,163.0665800855699,25715000
2025-05-05,163.86489868164062,165.0424114540437,162.37802462287598,162.65743494943675,21341800
2025-05-06,162.88693237304688,164.4536399852438,160.85122657670271,161.82916262997554,21277200
2025-05-07,151.06185913085938,164.6532299684301,147.52929039730043,163.73516530126716,127490100
2025-05-08,153.9557647705078,155.6022910487671,152.57866009847342,154.67425284055003,57498700
2025-05-09,152.42897033691406,154.7241395477239,151.88012320852386,153.84598414229956,32435300
2025-05-12,158.12696838378906,158.76562267487037,155.9216064819518,157.15900583261154,44138800
2025-05-13,159.19471740722656,160.23254018461523,155.83180494907126,158.45626717049694,42382100
2025-05-14,165.02244567871094,166.64902486582008,159.27455664998826,159.6238271640479,48755900
2025-05-15,163.61541748046875,165.8606887311189,162.02874755770196,165.49145599350894,33146700
2025-05-16,165.84072875976562,168.99409119137468,165.27191939302787,167.3774855147182,42846900
2025-05-19,166.1899871826172,166.2897831099107,163.87487089127026,164.16425471766837,30426100
2025-05-20,163.6353759765625,168.1458810248048,162.55764387335125,166.08022402030295,46607700
2025-05-21,168.20574951171875,172.77612594690945,163.21625758160502,163.34598924433868,73416000
2025-05-22,170.51089477539062,176.3985044728025,170.35124260366135,171.48884617085898,74864400
2025-05-23,168.11593627929688,169.60281030274047,167.5371534089642,168.70469265151235,35211400
2025-05-27,172.53662109375,172.80605791558804,169.6427219280191,169.80238932071725,37995700
2025-05-28,171.9977569580078,174.90164475593082,171.5487057543554,172.79607866823434,34784000
2025-05-29,171.49880981445312,174.0534271359213,170.27139911620654,173.63431165912297,29317300
2025-05-30,171.3790740966797,171.84808755569938,167.0881079964574,170.98989433565492,52639900
2025-06-02,168.6747589111328,169.5129898808019,167.03820620651766,167.4872574240746,38612300
2025-06-03,165.83074951171875,168.12591888686956,164.9326470385699,167.13800921175007,45084900
2025-06-04,167.69680786132812,167.8664487405706,166.01035734329753,166.38956355967437,26900800
2025-06-05,167.8564910888672,170.57076063975376,167.23778374687686,169.98200425737,36379100
2025-06-06,173.31497192382812,174.1332558504034,170.47097086402252,170.47097086402252,35731800
2025-06-09,175.93264770507812,176.31231302715454,174.21418342483807,174.38402968862113,28935900
2025-06-10,178.44041442871094,180.94816607880887,174.7537092641778,176.04254985052344,61766100
2025-06-11,177.1915283203125,180.20881870896204,176.59205837486806,179.60936400867158,31646800
2025-06-12,175.54299926757812,176.56209210971562,174.59385119423692,176.02256609234394,20941900
2025-06-13,174.513916015625,176.9717245091389,172.2359546046385,172.28591297451578,27663100
2025-06-16,176.61204528808594,176.78189154925582,174.49392932110277,174.57385966373928,27389200
2025-06-17,175.7927703857422,177.20151408744945,174.4239994778565,175.5429937823964,24973000
2025-06-18,173.16513061523438,176.4022256326498,173.04522747911062,175.85271405711507,28707500
2025-06-20,166.4910888671875,174.18420505107113,165.312150640077,173.79455416726213,75659900
2025-06-23,165.04238891601562,167.19046158134836,161.85523705575486,166.1214256591391,57671000
2025-06-24,166.62098693847656,168.06968824197463,165.98155942026995,166.77084680791774,40524300
2025-06-25,170.52748107910156,172.2059878377665,167.40028826627824,167.48021861146748,35479000
2025-06-26,173.38491821289062,173.53479332021178,169.78814431449064,172.275909497391,31796700
2025-06-27,178.37046813964844,178.52032800475203,171.57654142712704,173.3849216100962,108140200
2025-06-30,176.07252502441406,181.0680572633364,174.4240054836315,180.6184624108643,63378900
2025-07-01,175.682861328125,175.9326379218849,173.37492804100808,175.5829598377131,35904500
2025-07-02,178.48036193847656,178.70016656024188,174.91356011283625,175.38312608280393,29128900
2025-07-03,179.36956787109375,179.50944215502514,176.89178830781478,178.34048951535135,21689700
2025-07-07,176.63201904296875,179.13978593904164,175.52301029591823,178.89999490759814,34175600
2025-07-08,174.20419311523438,177.7909814447806,172.6555751408571,177.691079951528,40442500
2025-07-09,176.46217346191406,179.27966092294577,172.61562283881983,175.09340252603724,43025600
2025-07-10,177.46127319335938,178.27054693495992,174.22417822695712,175.47306122205768,29252400
2025-07-11,180.02899169921875,181.26787392679407,176.32230010231936,176.6320206592132,34282900
2025-07-14,181.3977508544922,183.5058659137902,179.5194259926096,180.84823929966979,32536600
2025-07-15,181.83737182617188,184.05538933948807,181.4377353487915,182.6466456022175,33448300
2025-07-16,182.80650329589844,184.1652886399438,181.86734081977315,183.07626629854497,33104200
2025-07-17,183.41595458984375,183.89552139280437,180.31871865434178,181.9772389358081,31992600
2025-07-18,184.89462280273438,186.25340807875182,183.54583834733725,185.2343153104504,34014500
2025-07-21,189.9301300048828,190.11994741222205,185.98364758555138,186.08356432217508,45803100
2025-07-22,191.1690216064453,191.47874216205827,187.29249900550474,191.328882294876,44660200
2025-07-23,190.0600128173828,192.35796066638142,189.01094801184496,191.32888225818212,58681900
2025-07-24,191.99827575683594,197.7731095502254,190.8293230940032,196.85393348830104,74881700
2025-07-25,193.0073699951172,194.1563515198352,191.08908750710862,191.80844534575607,39785900
2025-07-28,192.4079132080078,193.87660084223495,190.6694625759226,193.47694913334269,38139500
2025-07-29,195.5750732421875,195.7449194968108,191.90835466905762,192.2580327538162,41389200
2025-07-30,196.35438537597656,197.42343657324804,194.51603320447785,195.42522371418744,32445400
2025-07-31,191.728515625,195.8148724632573,190.91924186518514,195.53512388567077,51329200
2025-08-01,188.96099853515625,190.65947636814528,187.65217158882444,188.86108179697592,34832200
2025-08-04,194.86570739746094,195.0955128481526,189.95010569222902,190.11995195242244,31547400
2025-08-05,194.4960479736328,197.68319994217242,193.71674617353807,194.5360207683401,31602300
2025-08-06,195.91476440429688,196.45429038129967,193.49692881868756,194.32618893507828,21562900
2025-08-07,196.34439086914062,197.36346840439734,194.15634544876863,196.88390160867925,26321800
2025-08-08,201.24000549316406,202.42894452614235,196.99380337261508,197.04376174071106,39161800
2025-08-11,200.8203887939453,201.29995560301907,198.8921207366326,200.76044484845534,25832400
2025-08-12,203.15829467773438,204.31726177746063,200.41075203769518,201.19005382143942,30397900
2025-08-13,201.779541015625,204.3472366094903,197.33350521250262,203.94760013613634,28342900
2025-08-14,202.75865173339844,204.2573113073674,201.05017311120625,201.31993610316366,25230400
2025-08-15,203.71778869628906,206.25552748751167,201.10013480886678,203.66784557245273,34931400
2025-08-18,203.3181610107422,205.08658368227987,202.30906899226142,204.01753247133055,18526600
2025-08-19,201.389892578125,203.2582167438639,199.7813305987235,202.84857944432244,24240200
2025-08-20,199.1418914794922,201.10013145192505,196.4243208994537,200.55061989251405,28955500
2025-08-21,199.57150268554688,202.29905887913935,199.25178132101763,199.57150268554688,19774600
2025-08-22,205.9058380126953,208.353645687597,201.12012497867053,202.54883983863883,42827000
2025-08-25,208.30369567871094,210.3318804204715,205.0965574752735,206.2455237198617,29928900
2025-08-26,206.95489501953125,207.66426725745978,205.5161793925774,207.32455950181813,28464100
2025-08-27,207.29458618164062,208.72331622375268,205.46621968804243,205.51617805576655,23022900
2025-08-28,211.4508819580078,212.0303655105851,206.71511204255788,207.0648053873533,32339300
2025-08-29,212.71974182128906,214.45817715575657,210.01215683893824,210.3218773757616,39728400
2025-09-02,211.16114807128906,211.4908397743193,206.01574085860813,208.25374472878948,47523000
2025-09-03,230.45388793945312,231.1033010071871,224.5891229524102,226.00786746880672,103336100
2025-09-04,232.09242248535156,232.16235200669,225.90795135774627,229.4447813472723,51684200
2025-09-05,234.79000854492188,235.54932393536487,231.69277254690593,231.9925075217388,46588900
2025-09-08,234.0399932861328,238.1300048828125,233.6699981689453,235.47000122070312,32474700
2025-09-09,239.6300048828125,240.47000122070312,233.22999572753906,234.1699981689453,38061000
2025-09-10,239.1699981689453,241.66000366210938,237.85000610351562,238.89999389648438,35141100
2025-09-11,240.3699951171875,242.25,236.25,239.8800048828125,30599300
2025-09-12,240.8000030517578,242.0800018310547,238.0,240.3699951171875,26771600
2025-09-15,251.61000061035156,252.41000366210938,244.66000366210938,244.66000366210938,58383800
2025-09-16,251.16000366210938,253.0399932861328,249.47000122070312,252.0800018310547,34109700
2025-09-17,249.52999877929688,251.60000610351562,246.27999877929688,251.22000122070312,34108000
2025-09-18,252.02999877929688,253.99000549316406,249.8000030517578,251.67999267578125,31239500
2025-09-19,254.72000122070312,256.0,251.80999755859375,253.25,55571400
2025-09-22,252.52999877929688,255.77999877929688,250.3000030517578,254.42999267578125,32290500
2025-09-23,251.66000366210938,254.36000061035156,250.47999572753906,253.0399932861328,26628000
2025-09-24,247.13999938964844,252.35000610351562,246.44000244140625,251.66000366210938,28201000
2025-09-25,245.7899932861328,246.49000549316406,240.74000549316406,244.39999389648438,31020400
2025-09-26,246.5399932861328,249.4199981689453,245.97000122070312,247.07000732421875,18503200
2025-09-29,244.0500030517578,251.14999389648438,242.77000427246094,247.85000610351562,32505800
2025-09-30,243.10000610351562,243.2899932861328,239.25,242.80999755859375,34724300
2025-10-01,244.89999389648438,246.3000030517578,238.61000061035156,240.75,31658200
2025-10-02,245.69000244140625,246.80999755859375,242.3000030517578,245.14999389648438,25483300
2025-10-03,245.35000610351562,246.3000030517578,241.66000366210938,244.49000549316406,30249600
2025-10-06,250.42999267578125,251.32000732421875,244.5800018310547,244.77999877929688,28894700
2025-10-07,245.75999450683594,250.44000244140625,245.52000427246094,248.27000427246094,23181300
2025-10-08,244.6199951171875,246.00999450683594,243.82000732421875,244.9600067138672,21307100
2025-10-09,241.52999877929688,244.75999450683594,239.14999389648438,244.47000122070312,27892100
2025-10-10,236.57000732421875,244.08999633789062,235.83999633789062,241.42999267578125,33180300
2025-10-13,244.14999389648438,244.5,239.7100067138672,240.2100067138672,24995000
2025-10-14,245.4499969482422,247.1199951171875,240.50999450683594,241.22999572753906,22111600
2025-10-15,251.02999877929688,252.11000061035156,245.99000549316406,247.25,27007700
2025-10-16,251.4600067138672,256.9599914550781,250.10000610351562,251.77000427246094,27997200
2025-10-17,253.3000030517578,254.22000122070312,247.80999755859375,250.75999450683594,29671600
2025-10-20,256.54998779296875,257.3299865722656,254.22999572753906,254.69000244140625,22350200
2025-10-21,250.4600067138672,254.8800048828125,244.14999389648438,254.74000549316406,47312100
2025-10-22,251.69000244140625,256.3599853515625,249.2899932861328,254.3699951171875,35029400
2025-10-23,253.0800018310547,255.0399932861328,251.85000610351562,252.97999572753906,19901400
2025-10-24,259.9200134277344,261.67999267578125,255.32000732421875,256.5799865722656,28655100
2025-10-27,269.2699890136719,270.1400146484375,264.2799987792969,264.82000732421875,35235200
2025-10-28,267.4700012207031,270.7300109863281,266.5,269.69000244140625,29738600
2025-10-29,274.57000732421875,275.3399963378906,267.6700134277344,267.75,43580300
2025-10-30,281.4800109863281,291.5899963378906,280.05999755859375,291.5899963378906,74876000
2025-10-31,281.19000244140625,286.0,277.0299987792969,283.2099914550781,39267900
2025-11-03,283.7200012207031,285.5299987792969,279.79998779296875,282.17999267578125,29740500
