Price,Close,High,Low,Open,Volume
Ticker,MSFT,MSFT,MSFT,MSFT,MSFT
Date,,,,,
2022-01-03,324.5046081542969,327.6551383305522,319.68671928603504,325.08625041123946,28865100
2022-01-04,318.94024658203125,324.94079625044975,316.1386844494537,324.5820957134117,32674300
2022-01-05,306.69683837890625,316.09026737820085,306.3090867462832,315.8866733646423,40054300
2022-01-06,304.2733459472656,308.9458313978056,301.9564804488897,303.56567778767305,39646100
2022-01-07,304.428466796875,306.8131674930467,300.5993490816287,304.5350859251237,32720000
2022-01-10,304.6513366699219,305.0875756529063,295.3645583692625,300.0176361312108,44289500
2022-01-11,305.3396911621094,306.91977831660637,300.40547992451036,303.78865505675424,29386800
2022-01-12,308.52899169921875,313.5116906389341,307.37541056986225,309.8861668515591,34372200
2022-01-13,295.47119140625,311.0590588526102,294.6956882705363,310.6616038809037,45366000
2022-01-14,300.70599365234375,301.30701312506073,294.4533912878713,294.9380882282628,39846400
2022-01-18,293.3870544433594,300.3182148295546,292.50490245478125,294.763606781819,42333200
2022-01-19,294.0461730957031,304.3023748372824,293.4354799250778,296.9155996999581,45933900
2022-01-20,292.36920166015625,302.11159837189933,291.9232887564094,299.6105751651282,35380700
2022-01-21,286.96966552734375,294.80235496310996,286.5625070860677,293.4258322374997,57984400
2022-01-24,287.29925537109375,288.0165973652918,267.60116491131276,283.2568995161282,85731500
2022-01-25,279.6604309082031,285.9614911267102,276.4420657108663,282.59769318056505,72848600
2022-01-26,287.62884521484375,299.0580071592012,284.06148289400227,298.5636068216338,90428900
2022-01-27,290.6630554199219,297.8947254313369,288.81150957189453,293.3967532426776,53481300
2022-01-28,298.8254089355469,299.03867680247816,285.4380799369417,291.04117616789154,49743700
2022-01-31,301.462158203125,302.819303892865,296.9932364584316,299.4942895571127,46444500
2022-02-01,299.3100280761719,301.1227896817067,295.7911239790513,300.9095218702585,40950400
2022-02-02,303.8661804199219,305.47537772113645,299.4263697135264,300.1534150830392,36636000
2022-02-03,292.0299072265625,301.7044688280811,290.77938083421395,300.0177033550017,43730000
2022-02-04,296.5763244628906,299.34877637115835,290.7890426267594,291.0216876586282,35096500
2022-02-07,291.7391052246094,298.41821379352973,290.72122388231634,296.7993425518359,28533300
2022-02-08,295.2386779785156,296.2080721220184,290.76978517707744,292.0299857302064,32421200
2022-02-09,301.6850891113281,302.3830539530496,297.98202662954105,300.38610474159356,31284700
2022-02-10,293.1253356933594,299.6590411901458,291.496761022089,294.7345331364793,45386200
2022-02-11,286.0099792480469,294.9768726571542,285.2150691647002,293.9105334701713,39175600
2022-02-14,285.9712219238281,287.6773647823829,282.4329398404649,284.7788566874214,36359500
2022-02-15,291.2737731933594,291.59366014918345,287.9293525556165,290.8278603028446,27058300
2022-02-16,290.9338073730469,292.2646183764721,285.2802618312306,289.83612248855013,29982100
2022-02-17,282.4146423339844,288.3110075664805,281.70551089308395,287.8835899369958,32461600
2022-02-18,279.6947021484375,285.4550868856492,278.1210416639117,284.6682566433863,34264000
2022-02-22,279.49072265625,283.2014713114298,276.3628189154253,276.84851806993396,41736100
2022-02-23,272.2538146972656,283.3569207680284,272.088693572859,281.88037625017427,37811200
2022-02-24,286.1642150878906,286.7179192209472,263.75404970523874,264.7157541586324,56989700
2022-02-25,288.806396484375,289.11725102312295,283.3082791147429,286.6984789913166,32546700
2022-02-28,290.244140625,290.584135999086,284.61973550343583,285.8922650550983,34627500
2022-03-01,286.51397705078125,291.39038646773963,283.79404367642127,287.9224869789125,31217800
2022-03-02,291.6040954589844,292.847484256712,285.29972916949754,286.91222446701073,31873000
2022-03-03,287.4561767578125,294.4599496832263,285.6396371693534,294.2268235947487,27314500
2022-03-04,281.5694885253906,287.2036162824794,278.9564544502619,285.8728053947299,32356500
2022-03-07,270.9327392578125,281.40441313154366,270.5636031118159,280.27758739708514,43157200
2022-03-08,267.960205078125,275.83823041762696,262.27751955874135,269.8544138214388,48159500
2022-03-09,280.2484130859375,281.3169571583642,272.74921692953006,275.3331399974986,35204500
2022-03-10,277.4216003417969,278.4027219816775,272.55488601450895,274.925099925405,30628000
2022-03-11,272.0594787597656,281.2294793900966,271.43776973309735,279.72379451628825,27209300
2022-03-14,268.5333557128906,277.23707641662975,267.93109349369803,272.32180325678297,30660700
2022-03-15,278.9370422363281,279.58789220242016,270.7578843795946,272.33154503092817,34245100
2022-03-16,285.97003173828125,286.1448763615518,275.10007965399654,280.84101896449687,37826300
2022-03-17,286.7762451171875,287.155075088872,281.09355838410045,284.90145326576936,30816600
2022-03-18,291.8371887207031,292.3908928751007,284.35743948050003,286.9219156173707,43390600
2022-03-21,290.603515625,291.5554966200923,286.4653494285398,290.3412487591332,28351200
2022-03-22,295.36334228515625,296.27645898935685,290.2246373680648,291.2251763552564,27599700
2022-03-23,290.924072265625,294.5571221270399,289.20470791785544,291.9149175208854,25715400
2022-03-24,295.4023132324219,295.4994590190807,289.78763064243316,290.5841845904107,24484500
2022-03-25,294.99420166015625,296.7621535192593,290.7297789282767,296.4998866743369,22566500
2022-03-28,301.8134460449219,301.9105621534724,295.62561433366324,295.62561433366324,29578200
2022-03-29,306.3887939453125,306.7870708740349,300.21068428171867,304.9316962452335,30393400
2022-03-30,304.883056640625,306.913305177859,302.668269699275,304.78594052626613,28163600
2022-03-31,299.49176025390625,306.12642619727325,299.08378963331245,304.9218723368905,33422100
2022-04-01,300.5700988769531,301.2597834241502,296.8010684307619,300.5215111712641,27110500
2022-04-04,305.9613342285156,306.09731457992234,300.85176950899194,301.2209056188057,24289600
2022-04-05,301.9883117675781,305.8641815434495,301.0071899868292,304.3099383163862,23156700
2022-04-06,290.9338073730469,298.21929503681264,288.2235976616029,296.46106638553516,40110400
2022-04-07,292.75030517578125,294.96509214612985,287.87389631112285,288.17502741691453,31411200
2022-04-08,288.4761657714844,292.5074629473333,287.80589854633826,291.8469191918842,24361900
2022-04-11,277.1011047363281,284.2408589427509,276.8485316772578,283.444334820197,34569300
2022-04-12,273.9925842285156,282.4243138069995,272.46748188240565,280.96721645218093,30966700
2022-04-13,279.3935852050781,280.32611930894404,273.25434059478465,274.6434627479795,21907200
2022-04-14,271.8264465332031,280.06391701023085,271.3310534250508,279.85020814082327,28221600
2022-04-18,272.49664306640625,274.3811581581207,270.3790018667597,270.9327060178222,20778000
2022-04-19,277.13995361328125,277.9850951288017,270.44703400541835,271.38929164584124,22297700
2022-04-20,278.1696472167969,281.4141441423702,277.2079722331008,281.12270681916686,22906700
2022-04-21,272.7783203125,284.9110740836382,272.0497716781456,280.3260734923124,29454600
2022-04-22,266.1922302246094,275.09996418217577,265.5608273646732,273.6234200417137,29405800
2022-04-25,272.69091796875,273.06974787105423,263.0254935218385,265.4734360848462,35678900
2022-04-26,262.49127197265625,270.3984393869639,262.2775631428249,269.56305100790337,46518400
2022-04-27,275.1194152832031,282.6477517681087,271.1755407349465,274.0314539795078,63477700
2022-04-28,281.3460998535156,282.6574935130097,273.4097625442166,277.03308894590896,33646600
2022-04-29,269.58245849609375,281.58895747620693,268.5916428545901,280.3552626033105,37073900
2022-05-02,276.3336486816406,276.7902070239769,268.31961348692494,269.76698732669024,35151100
2022-05-03,273.7206726074219,276.00346504859033,272.13728828344694,275.83831425721644,25978600
2022-05-04,281.6861267089844,282.5603793648833,268.8150975432188,274.5074780995146,33599300
2022-05-05,269.4173278808594,278.15991269271166,266.49340947413936,277.3730824312229,43260400
2022-05-06,266.8722839355469,271.2629938805999,263.51122424281493,266.9499827611978,37780300
2022-05-09,257.0125427246094,264.5700201232837,255.78860105571707,262.3358159472055,47726000
2022-05-10,261.79180908203125,265.9202513402822,257.4885222663989,263.9191734643311,39336400
2022-05-11,253.09783935546875,263.59865360878575,251.88359136461594,258.0811178530849,48975900
2022-05-12,248.04656982421875,252.4470030791801,242.86901493975182,250.31963836207385,51033800
2022-05-13,253.65147399902344,255.51657144521548,248.04651748231083,249.9893137349317,34925100
2022-05-16,254.0205841064453,258.21703069857597,248.46418620521172,252.52462284407449,32550900
2022-05-17,259.1885070800781,260.6552983861274,254.9531949859785,258.4987929280835,28828800
2022-05-18,247.38772583007812,256.656980355756,246.1122326211362,256.0727779613794,31356000
2022-05-19,246.47250366210938,250.88320092166384,245.2456963560766,247.21248054968524,32692300
2022-05-20,245.90777587890625,251.73027831632496,239.94897637698514,250.4645014140494,39199300
2022-05-23,253.7846221923828,254.61223962147665,246.75479167279192,248.7605449312347,33175400
2022-05-24,252.7818145751953,254.44676623936746,246.8230151760362,251.09740039179286,29043900
2022-05-25,255.6053924560547,257.6111310910485,250.35737681245936,251.34078361320238,28547900
2022-05-26,258.8963928222656,260.0745140342106,254.5441279914447,255.36199947266203,25002100
2022-05-27,266.0430603027344,266.1404323228601,260.5126742393116,261.40845522519186,26910800
2022-05-31,264.70916748046875,267.5327779701292,261.84660223740195,265.35178719970526,37827700
2022-06-01,265.24468994140625,270.37587169394226,262.9273724680771,267.9514657945236,25292200
2022-06-02,267.3477478027344,267.41591118453516,254.7096506560201,257.48458965470934,44008200
2022-06-03,262.90789794921875,266.2475773225022,261.34031820797634,263.19026792194273,28059000
2022-06-06,261.67132568359375,266.95829640703147,260.18162592964813,264.8941403781675,22400300
2022-06-07,265.32257080078125,265.9359818654596,258.9353582624585,259.6169327151611,22860700
2022-06-08,263.28759765625,265.8093753438602,262.5086512555536,264.5533447009521,17372300
2022-06-09,257.8156433105469,265.5270199603348,257.6598540218745,260.72687950108036,26439700
2022-06-10,246.32643127441406,253.71649772787293,245.87854080550682,253.71649772787293,31422800
2022-06-13,235.87905883789062,242.46101532020856,235.16829061749948,238.653998046273,46135800
2022-06-14,238.0503387451172,239.26741476763672,235.14881881047341,237.43692767556414,28651500
2022-06-15,245.1288604736328,248.57562834627853,239.92951488338275,241.76973337237624,33111700
2022-06-16,238.5177001953125,240.90316631225872,236.61906450455473,239.50109230773435,33169200
2022-06-17,241.1270751953125,243.90201423414308,237.60242808712968,238.2547789970656,43084800
2022-06-21,247.05670166015625,248.0400937392602,242.938105697185,243.6683513117265,29928300
2022-06-22,246.46275329589844,250.39635109194543,243.77544008593574,245.25540860324242,25939900
2022-06-23,252.0417938232422,252.5383702872365,246.94956739352173,248.83847152325595,25861400
2022-06-24,260.64898681640625,260.92161062965107,254.82648500967505,254.91411090888582,33923200
2022-06-27,257.9130859375,261.23324392019066,256.3454762192948,261.1456179926552,24615100
2022-06-28,249.72451782226562,259.87979223071875,249.5687285378828,257.0269733877671,27295500
2022-06-29,253.40496826171875,255.06991990293363,249.02347982307,250.8052808624802,20069800
2022-06-30,250.06527709960938,252.69417300750064,246.23879748722132,250.27948365294694,31730900
2022-07-01,252.74288940429688,252.9278873568317,247.90380828367566,249.63693839554122,22837700
2022-07-05,255.92674255371094,256.05332320960474,248.03035301549468,249.41294954344485,22941000
2022-07-06,259.1982421875,260.93135728272176,255.4885967886615,256.8030448567487,23824400
2022-07-07,261.33056640625,261.97318613341645,258.0395879764146,258.1369600042467,20859900
2022-07-08,260.61004638671875,261.0384595044661,256.35515355768905,257.81564471898173,19658800
2022-07-11,257.5429992675781,259.50978316936533,255.27435321446737,258.65295700580936,19455200
2022-07-12,246.988525390625,258.93534718140467,245.40145358358674,258.8769299123895,35868500
2022-07-13,246.06356811523438,246.8717083934276,241.57499105873987,243.60020738417253,29497400
2022-07-14,247.38772583007812,248.41980385084383,239.46212789733588,243.9701819365623,25102800
2022-07-15,249.95822143554688,253.51207769247128,248.05958569750663,248.98456055892254,29774100
2022-07-18,247.55325317382812,253.96967414471678,246.6282784047325,252.90838746077426,20975000
2022-07-19,252.6942138671875,252.8792118165183,246.99829162159293,250.79556321406503,25012600
2022-07-20,255.36195373535156,257.8934772269051,252.0904683964307,253.05438287776215,22788300
2022-07-21,257.8643493652344,257.91305023853096,250.26006010817883,252.94737370240864,22404700
2022-07-22,253.5023193359375,258.3414148476746,252.24631825964894,258.2537889386617,21881300
2022-07-25,252.0126190185547,254.61230650318151,250.0458348430974,254.1254760892175,21056000
2022-07-26,245.26513671875,253.0349601923591,242.99652024774517,253.01546796056851,39348000
2022-07-27,261.66162109375,262.9371144972868,252.0321302315407,254.2812845363284,45994000
2022-07-28,269.1295471191406,270.5218747343421,260.8144767467311,262.64496354528995,33459300
2022-07-29,273.34552001953125,274.5723421203902,269.3437884448539,270.38561261895575,32152800
2022-08-01,270.6875305175781,273.8713916011293,268.57467286745754,270.50253253243386,21539600
2022-08-02,267.5815124511719,270.5706587329471,265.20577732907145,268.73042525392265,22754200
2022-08-03,275.02996826171875,276.0328377004394,269.3243005039463,269.4703733954384,23518900
2022-08-04,276.1789245605469,276.32496776136855,272.79060344638594,274.37764584701426,18098700
2022-08-05,275.4583740234375,276.1788734901075,271.33977823922174,271.7973999930235,16774600
2022-08-08,272.93658447265625,278.38909053353035,271.96292373727755,276.56831999880745,18739200
2022-08-09,274.8644104003906,275.6238645762856,270.29793922937904,272.27449902360144,23405200
2022-08-10,281.54376220703125,282.1766357881288,279.3822340293261,280.57984751757147,24687800
2022-08-11,279.4601745605469,283.5398166011879,278.96362764696363,283.1893128974821,20065900
2022-08-12,284.2213134765625,284.2213134765625,279.38221835406904,280.8816642309204,22619700
2022-08-15,285.740234375,286.43152521881507,282.4687186563289,283.335291025511,18085700
2022-08-16,285.000244140625,286.29522964293864,282.77058230494487,284.29920717683063,18102900
2022-08-17,284.2489318847656,286.2296574450953,282.44383012146875,282.7072658170179,18253400
2022-08-18,283.1268615722656,284.8246178924502,282.0632923944146,283.146365402589,17186200
2022-08-19,279.20440673828125,282.22916781980774,278.6287311100717,281.88765725342205,20570000
2022-08-22,271.00836181640625,275.60403082958356,270.4912273395676,275.2332495486718,25061100
2022-08-23,269.7301025390625,272.09134632698925,268.7153376389546,269.7301025390625,17527400
2022-08-24,269.09588623046875,270.5009361638899,268.4323689230805,268.7251050290327,18137000
2022-08-25,272.0815734863281,272.24743045835174,267.85665744816947,270.5984488790476,16583400
2022-08-26,261.5827941894531,273.5354566259213,261.47547845229536,272.306030389581,27549300
2022-08-29,258.792236328125,260.90954849813465,257.4457275056932,259.39718266241346,20338500
2022-08-30,256.5870361328125,260.5679908317506,254.33310821600745,260.1972394314792,22767100
2022-08-31,255.12350463867188,260.62659298859234,254.9868884775698,258.9483700505555,24791800
2022-09-01,254.0793914794922,254.55751812076264,249.21052161791064,252.5865298515359,23263400
2022-09-02,249.8447723388672,258.3140795897483,248.29336924253226,255.34788953507936,22855400
2022-09-06,247.10301208496094,251.57183134385733,245.82481132463533,249.98142038523665,21328200
2022-09-07,251.82553100585938,252.54755989638122,247.07374239032504,248.51781505979028,24126700
2022-09-08,252.2450714111328,254.1087145745975,248.60561187747734,251.25960684988422,20319900
2022-09-09,258.0409240722656,258.7922534143873,253.97215647690308,254.17705094437056,22084700
2022-09-12,260.1777038574219,260.9583036393322,258.7238795678171,259.32882578827446,18747700
2022-09-13,245.87356567382812,254.07942221942037,245.48326576047728,252.55728977840053,33353300
2022-09-14,246.09799194335938,248.0591988641248,243.79527444125134,247.37619258985976,23913000
2022-09-15,239.42401123046875,245.29787987720312,238.09702127641052,243.7074542260417,31530900
2022-09-16,238.79954528808594,239.34595028666865,236.1845879383292,238.3311853849411,39791800
2022-09-19,238.5848846435547,239.18983090941896,235.00396662261346,236.58464035647546,26826900
2022-09-20,236.56512451171875,237.59939325821156,233.82333267549006,236.19435819350156,26660300
2022-09-21,233.1500701904297,241.6486627940409,233.10128084045706,238.3409473483979,28625600
2022-09-22,235.1308135986328,237.94091362050094,231.8035940706636,232.0963004159245,31061200
2022-09-23,232.14508056640625,235.27717233231257,229.49110062617243,233.72575432183234,34176000
2022-09-26,231.68649291992188,235.58940293714832,231.14983981486918,231.29620787356728,27694200
2022-09-27,230.67176818847656,235.93093941848105,228.80812487744757,234.1551080192584,27018700
2022-09-28,235.2186279296875,236.4480391799153,229.03250446546224,231.06201938613802,29029700
2022-09-29,231.7352752685547,234.12580460416743,228.7202809445972,233.0915358630107,27484200
2022-09-30,227.24691772460938,234.70147486593402,227.0810458443,232.50608809787929,35694800
2022-10-03,234.8966522216797,235.7455304131457,228.96422702009855,229.6960226716163,28880400
2022-10-04,242.83905029296875,244.28312273696628,239.03370433981988,239.1410349538722,34888400
2022-10-05,243.15127563476562,244.49778426938553,238.17507461226543,240.0191988826096,20347100
2022-10-06,240.7998046875,244.26364059964817,240.10704643812323,241.91213354134027,20239900
2022-10-07,228.55441284179688,235.46256526438881,227.51037728003038,235.05274661637694,37769600
2022-10-10,223.68551635742188,228.86662669875534,221.2266790317585,227.39328361932908,29743600
2022-10-11,219.93873596191406,223.5001353267126,218.67028725375982,222.0950853661984,30474000
2022-10-12,220.27047729492188,222.32926286096713,218.52393166705397,219.92896672359288,21903900
2022-10-13,228.55441284179688,230.36926657051526,213.81116985788702,214.51369484245026,42551800
2022-10-14,223.01226806640625,231.48159024439008,222.79760683202377,229.82284163535834,30198600
2022-10-17,231.76455688476562,233.15985498185077,229.43256870498456,230.09607116127958,28142300
2022-10-18,232.7110137939453,238.0092070873405,229.65698188845562,237.33596760402114,26329600
2022-10-19,230.7400360107422,233.7940678630011,228.60319039452398,231.2864410309145,19985700
2022-10-20,230.41802978515625,235.4527869659191,229.16909984877745,230.0472634808189,21811000
2022-10-21,236.24313354492188,237.10177849471148,228.80809488481415,229.04227484068946,26299700
2022-10-24,241.24859619140625,241.8242717759328,235.44302122232,237.84330225439462,24911200
2022-10-25,244.57586669921875,244.94663303718434,239.86310093391776,241.25838415797844,34775500
2022-10-26,225.705322265625,232.5158969466502,224.47589592460977,225.55895418823542,82543200
2022-10-27,221.24620056152344,228.0177514856638,220.2997437384998,225.4320647952228,40424600
2022-10-28,230.1448516845703,230.85714351335133,220.56321491759144,220.7486055336188,40647700
2022-10-31,226.49563598632812,229.21790924031464,225.53941228860307,228.08606173387716,28357300
2022-11-01,222.6317138671875,230.01797725896833,221.81210644356696,228.9056486445067,30592300
2022-11-02,214.75762939453125,225.68577445191593,214.69907323807044,223.8904394193755,38407000
2022-11-03,209.0496063232422,215.0600909930844,208.7861557427822,214.74785106240304,36633900
2022-11-04,216.01629638671875,216.21143889616826,208.24949944790723,212.26950660697912,36789100
2022-11-07,222.33900451660156,222.86590566585838,215.9089643317096,216.60173735731198,33498000
2022-11-08,223.31475830078125,226.02727968287536,220.35830503261087,223.1488864048599,28192500
2022-11-09,219.0605926513672,223.08060038720865,218.88496883419077,221.85117411328872,27852900
2022-11-10,237.08226013183594,237.42377070694712,229.29595897044808,229.71551464254821,46268000
2022-11-11,241.11204528808594,241.97069033132314,236.05776863142341,237.09205238278707,34620200
2022-11-14,235.68698120117188,237.98969870255604,233.4037824185949,236.11630368440927,31123300
2022-11-15,236.09677124023438,241.00467910130482,234.203857613324,239.69720789721472,31390100
2022-11-16,236.52731323242188,238.55276840729704,235.24551035999534,237.5644967801753,24093300
2022-11-17,236.4783935546875,238.01461012681563,232.51557231907879,232.6623379461831,23123500
2022-11-18,236.02830505371094,238.49407213001928,233.88543729111746,238.26901159203723,27613500
2022-11-21,236.84042358398438,239.4040292254599,235.99893254382687,236.23375753060137,26394700
2022-11-22,239.7562713623047,240.03024378872047,235.5292575473347,238.34726178052222,19665700
2022-11-23,242.25140380859375,242.93633491013367,239.0126464403006,239.83456376214852,19508500
2022-11-25,242.16329956054688,243.34724847443493,241.41964741922,241.98716592114693,9200800
2022-11-28,236.55665588378906,241.34140906534282,235.61732607964368,240.78368479357738,24778200
2022-11-29,235.1574249267578,237.5644704537855,233.0830580611279,236.2043877565396,17956300
2022-11-30,249.64869689941406,249.83460997466,234.69756499927473,235.3922904493445,47594200
2022-12-01,249.20834350585938,250.60755864010457,245.519480532268,248.40598508985425,26041500
2022-12-02,249.53128051757812,250.54889032100806,244.31599481535082,244.44320163967146,21528500
2022-12-05,244.8149871826172,248.35708472300595,242.72104661691858,246.58602848762314,23435300
2022-12-06,239.8443603515625,246.4393029856838,238.53320430172184,245.42169312336642,22463700
2022-12-07,239.11050415039062,240.8619869599087,236.99700443112582,239.56061029870315,20481500
2022-12-08,242.07525634765625,243.38642715920767,237.8286688296212,239.57035707306187,22611800
2022-12-09,240.1378631591797,242.96566155841106,238.90498731075107,239.43335840854147,20609700
2022-12-12,247.0752716064453,247.1046247279212,241.85020695845557,242.1241793791487,30665100
2022-12-13,251.39036560058594,258.2397057346081,247.62322255472307,256.05769091346986,42196900
2022-12-14,251.68394470214844,256.93836328433855,248.83657203555336,251.5958853241002,35410900
2022-12-15,243.65060424804688,248.72890334765495,242.01654910193713,248.25923846820703,35560400
2022-12-16,239.42359924316406,244.46275107803268,238.2689883313514,243.2005220025338,86102000
2022-12-19,235.27487182617188,239.9324334885237,233.57233082152595,239.5899604496875,29696400
2022-12-20,236.59580993652344,237.68192031750615,233.28855194336597,234.24745549988003,25150800
2022-12-21,239.16921997070312,240.33361044733292,234.94220543268398,236.48820149212366,23690600
2022-12-22,233.06349182128906,236.78170824975606,228.83646305704173,236.0674091280564,28651700
2022-12-23,233.5918731689453,233.72885938875746,228.9049736414497,231.02826751372717,21207000
2022-12-27,231.85997009277344,233.78755649246543,230.75428604943204,233.5625109109422,16688600
2022-12-28,229.48228454589844,234.5605842229197,229.13003211366635,231.7914916171134,17457100
2022-12-29,235.82278442382812,236.71320225846455,230.57814603846577,230.57814603846577,19770700
2022-12-30,234.65841674804688,234.7954029631969,231.56642511422905,233.0830678086328,21938500
2023-01-03,234.42359924316406,240.4608025449148,232.29051091152192,237.8482698796125,25740000
2023-01-04,224.16915893554688,227.8580076648185,221.096740762334,227.28070963200992,50623400
2023-01-05,217.52528381347656,222.6525101847704,216.9871183182412,222.31003716133554,39585600
2023-01-06,220.08888244628906,220.90102036196717,214.62899248610293,218.20042850517999,43613600
2023-01-09,222.2317352294922,226.26307141609416,221.53702478368263,221.57615730202494,27369800
2023-01-10,223.92449951171875,226.33154491565162,222.43721007807753,222.85794808179193,27033900
2023-01-11,230.69557189941406,230.87169062751605,226.13586459822005,226.311983326322,28669300
2023-01-12,233.37660217285156,234.73668494527053,228.53314279943885,230.1965511287431,27269500
2023-01-13,234.08111572265625,234.21810194476328,229.86388103095572,231.89911556681622,21333300
2023-01-17,235.17701721191406,235.72496209284455,231.9871717644744,232.84823653758127,29831300
2023-01-18,230.73471069335938,237.16331319071614,230.4509588691296,236.37074903194667,30028700
2023-01-19,226.938232421875,230.4509772666671,225.71513580011168,228.74842139423623,28623000
2023-01-20,235.0498046875,235.5586170347546,229.46269305633442,229.80516606379726,35389800
2023-01-23,237.35902404785156,239.8932766589855,234.49207780928063,235.9108818315434,31934000
2023-01-24,236.83062744140625,238.6995225755174,235.26507279685154,237.28073354657224,40234400
2023-01-25,235.43142700195312,238.0635333641679,225.93040571836002,229.43335629238763,66526600
2023-01-26,242.662353515625,242.9656790686591,236.79149012411796,238.40597158463132,33454500
2023-01-27,242.81890869140625,244.4529638450001,241.5175322068459,243.63104656960752,26498900
2023-01-30,237.4862060546875,240.31400454491248,236.9871731308744,239.24745305758034,25867400
2023-01-31,242.47642517089844,242.61341137751842,237.72102552626626,238.2102641113915,26541100
2023-02-01,247.31011962890625,249.68781212878685,240.18680659624076,242.66235279117208,31259900
2023-02-02,258.90509033203125,258.9931497026044,251.71327646099442,253.2494929338685,39940400
2023-02-03,252.78961181640625,258.5137098891533,251.56651521371487,253.95400217102897,29077300
2023-02-06,251.24359130859375,252.74066029817823,249.29643114757204,251.8991842011105,22518000
2023-02-07,261.80133056640625,262.98527949675434,254.48231110631974,254.9226377457536,50841400
2023-02-08,260.98919677734375,270.8033204877072,260.48036959562694,267.31994454545406,54686000
2023-02-09,257.9461669921875,268.0832067953903,257.1438084833281,267.9070581968134,42375100
2023-02-10,257.4373474121094,258.40603024749146,255.04986074687702,255.9011311004859,25818500
2023-02-13,265.4804382324219,268.6898422196811,261.4001752133106,261.8796493414977,44630900
2023-02-14,266.3121643066406,269.0518886421272,263.4843507418386,266.8014029280315,37047900
2023-02-15,264.1835632324219,265.566675446504,261.10343462754037,263.20263513184307,28922400
2023-02-16,257.1502990722656,261.6527555228092,256.90506704379015,258.9846298555741,29603600
2023-02-17,253.13829040527344,255.12957315105942,251.11758101538413,254.44294147679955,30000100
2023-02-21,247.85107421875,250.6172983438043,246.79167019007645,249.62655149140514,28397400
2023-02-22,246.71319580078125,249.48922383589215,245.56551183733654,249.24399183598243,22491100
2023-02-23,249.91104125976562,251.94155452190677,245.70285158085764,250.68596782653108,29219100
2023-02-24,244.46690368652344,246.21295451715133,243.3682689978879,245.1927958731005,24990900
2023-02-27,245.3889923095703,247.9982648096876,244.63367343474144,247.64513007307193,21190000
2023-02-28,244.6630859375,246.6936142975938,243.98624315080207,244.31977008171737,22491000
2023-03-01,241.57315063476562,246.14426388843702,241.10229440260224,245.9775079191277,27565300
2023-03-02,246.32086181640625,246.60532438654516,240.92575713440505,241.84783196580932,24808200
2023-03-03,250.42112731933594,250.7448353875074,246.59551372780942,247.38025919903342,30760100
2023-03-06,251.9709930419922,255.15900932631095,251.0979676428436,251.53938228865584,24109800
2023-03-07,249.3028564453125,252.77535010371997,248.5573565201222,251.41184575322433,21473200
2023-03-08,248.8614501953125,249.68542618790528,246.02656865087874,249.19496214929893,17340200
2023-03-09,247.50778198242188,254.60969174965638,246.78188980997717,250.94103028534124,26653400
2023-03-10,243.848876953125,247.96877137415123,242.8777678562055,246.2913929515961,28333900
2023-03-13,249.07723999023438,252.9911481619017,241.04343714552314,242.6815851358712,33339700
2023-03-14,255.81622314453125,256.09088178887293,250.98024029023756,251.85326561713225,33620300
2023-03-15,260.3775329589844,261.39770646973017,254.2663406895164,255.02167441477647,46028000
2023-03-16,270.93231201171875,271.28543170497954,258.25870971450126,260.15189347519987,54768800
2023-03-17,274.1007385253906,277.926352222168,271.05006642858564,272.95306938413273,69527400
2023-03-20,267.0380554199219,272.1879277131166,264.70344185731915,271.6974636851933,43466600
2023-03-21,268.5585021972656,269.7552357131241,264.3797387846606,269.6375291272283,34558700
2023-03-22,267.096923828125,275.6800448026521,266.98900616938766,268.1857396626866,34873300
2023-03-23,272.364501953125,275.6996515319118,269.9514271903419,272.63916062583564,36610900
2023-03-24,275.2189636230469,275.2778169055255,270.02984635718013,271.95245676775505,28172000
2023-03-27,271.1089172363281,276.0920188893076,270.26530349087056,275.150336280782,26840200
2023-03-28,269.9808349609375,270.8734830687269,266.86146104578347,270.53015226795435,21878600
2023-03-29,275.16015625,275.7781457546804,273.1002012129155,273.6396997041648,25087000
2023-03-30,278.632568359375,279.0347524055632,276.1116063138486,278.80915813894063,25053400
2023-03-31,282.801513671875,283.7530149729274,277.60260755409064,278.31869572846455,32766000
2023-04-03,281.7519226074219,282.7720660376553,278.53448039432084,281.0554422667971,24883300
2023-04-04,281.702880859375,284.91053440736965,280.22170001439565,281.75194521809124,25824300
2023-04-05,278.91705322265625,281.67345840201926,277.52415228002326,280.3982640251811,22064800
2023-04-06,286.0386047363281,286.5094310076184,276.65111679037716,277.80860462136076,29770300
2023-04-10,283.8708190917969,284.076805626708,279.28005247919805,283.694229269178,23103000
2023-04-11,277.4358215332031,280.52576833041724,276.2685448865865,280.30014413926625,27276600
2023-04-12,278.0832824707031,281.53616835496916,276.58246375618245,279.35850689315987,27403400
2023-04-13,284.3121643066406,284.3710175910473,277.7693913938778,278.18136438472453,24222700
2023-04-14,280.68280029296875,282.9781686132696,278.2795143077269,281.52638414818057,20987900
2023-04-17,283.2919616699219,286.03857771367035,280.70232761583475,284.4004149714436,23836200
2023-04-18,282.8702087402344,286.1955691018291,281.53616100019883,286.0091903829201,20161800
2023-04-19,282.9486999511719,283.53723281599844,279.11326779246525,280.5355954631928,17150300
2023-04-20,280.6533508300781,283.5176743242599,279.6429959890706,279.8097669534643,23244400
2023-04-21,280.3100280761719,280.81028105928004,277.6615101881032,279.57433198899173,21676400
2023-04-24,276.3960876464844,279.5154616165311,273.40426904899283,276.70999180903164,26611000
2023-04-25,270.1672058105469,276.22933373061375,270.1181414486959,274.1791977810331,45772200
2023-04-26,289.7366943359375,293.85660384994554,287.14706002026827,291.0413453207768,64599200
2023-04-27,299.0162658691406,299.3792343711165,289.6189889013241,290.3252582511895,46462600
2023-04-28,301.4000244140625,303.0381578316722,297.5253458428316,298.2120075937386,36469600
2023-05-01,299.7323913574219,302.7144211983591,299.33020723943775,301.11550358691363,21294100
2023-05-02,299.5852355957031,303.2833235211519,298.11384353910654,301.8904224714807,26404400
2023-05-03,298.594482421875,302.7241809919645,298.29039713141395,300.7721438172862,22360800
2023-05-04,299.5852355957031,301.8904224714807,297.61356066048836,300.39939269537876,22519900
2023-05-05,304.7252502441406,306.02008227407686,298.4669253683265,299.889282816664,28197100
2023-05-08,302.763427734375,304.28388412845356,300.2522543951284,304.2152119824431,21318600
2023-05-09,301.1449279785156,304.1269577971299,300.4680851917981,302.1258560826802,21340800
2023-05-10,306.35369873046875,307.0305416164164,301.8022072263495,302.7340711005938,30078000
2023-05-11,304.19561767578125,305.1863646978888,300.41906820391165,304.1858287503453,31680200
2023-05-12,303.0773620605469,304.7253141155851,300.7525672086982,304.6272153165958,19774700
2023-05-15,303.5579833984375,303.98959413162356,301.7236527501709,303.2048636724934,16336500
2023-05-16,305.7945251464844,307.72695475671816,303.92094882910635,303.92094882910635,26730300
2023-05-17,308.6847229003906,309.10743681750125,305.47989738715967,307.0036775549358,24315000
2023-05-18,313.1282043457031,313.6394211850269,308.4094689120249,309.20575514144576,27276000
2023-05-19,312.9512939453125,313.35435726772096,311.0146399332966,311.3783719556919,27546700
2023-05-22,315.7431945800781,317.1293303008465,312.6268717902356,313.2068809214525,24115700
2023-05-23,309.9234313964844,317.2571435018196,309.91359107162907,314.612676200923,30797200
2023-05-24,308.53729248046875,311.14242845628706,307.3182622495086,309.4024010311534,23384900
2023-05-25,320.4030456542969,321.36643763371836,314.58324246819706,317.76838819786883,43301700
2023-05-26,327.2550048828125,327.75635143562505,318.3975124375742,318.5351269811533,36630600
2023-05-30,325.60333251953125,330.0566483520898,324.9250103065404,329.55530193451835,29503100
2023-05-31,322.8311767578125,330.2533617664541,321.78909235828155,326.6651533185743,45950600
2023-06-01,326.9501953125,327.8841260635335,319.2232608919035,320.41277005822946,26773900
2023-06-02,329.72247314453125,331.7869311608408,326.92071083675313,328.5919458978105,25873800
2023-06-05,330.2533264160156,332.82897116316303,328.99499501279143,329.54551312664034,21307100
2023-06-06,328.0315856933594,329.6929804213879,326.54716679509426,329.6536491257751,20396200
2023-06-07,317.90594482421875,328.8278643518396,317.04083634658787,326.03594244738656,40717100
2023-06-08,319.754150390625,321.11079515355357,317.8764784362374,318.4564875738247,23277700
2023-06-09,321.2582702636719,324.4040842590463,318.9185529165109,319.488721765344,22529000
2023-06-12,326.23260498046875,326.4783730978262,319.6558477599043,323.0179388047992,24260300
2023-06-13,328.6312255859375,331.2756922961345,324.7972498725799,328.80817138786546,22951300
2023-06-14,331.6296691894531,333.30090441787564,327.1763520230472,328.6804517282309,26003800
2023-06-15,342.2075500488281,343.9180866324939,331.4920655861422,331.76732469157105,38899100
2023-06-16,336.53515625,345.52045224652784,336.16161394464854,345.3729973890222,46552000
2023-06-20,332.32763671875,336.28941757561955,330.17470560784415,333.5663176321454,26375400
2023-06-21,327.9136657714844,332.01309136032313,326.4488973241474,330.67609713912924,25117800
2023-06-22,333.95947265625,334.36253588732745,327.6973070924793,328.46410226353316,23556800
2023-06-23,329.3489074707031,332.23914275155624,327.8055065902251,328.7000760810229,23146900
2023-06-26,323.0376281738281,330.4204822178402,322.9294745987564,328.07095455300293,21520600
2023-06-27,328.90655517578125,330.45979643869066,323.72574418918015,326.242407248698,24354100
2023-06-28,330.1648864746094,332.2588355814836,328.1594102876184,328.99502786561385,20259500
2023-06-29,329.3783874511719,330.4204417692503,326.9895287786518,329.04414644357956,16997000
2023-06-30,334.7755126953125,336.9284438391697,331.4920541930487,332.032732059811,26832800
2023-07-03,332.2686767578125,335.12942143696404,330.8727305576036,333.4483758011096,12508700
2023-07-05,332.4259338378906,335.8666873183972,329.06384295177827,329.417734623584,18172400
2023-07-06,335.4931335449219,337.18401940600376,329.8208161509684,331.5903346098022,28161200
2023-07-07,331.5116882324219,336.0043364674082,331.295411096355,333.576146349244,21214800
2023-07-10,326.2129211425781,329.5553915067683,322.04470351324625,328.9360510569214,32791400
2023-07-11,326.84210205078125,327.2254847097536,321.4646944933152,325.45596628174627,26698200
2023-07-12,331.49200439453125,335.86665829831014,329.9879049173375,330.9021549914973,29995300
2023-07-13,336.8595886230469,337.92129360338816,333.2811907244009,333.81205821506575,20567200
2023-07-14,339.3959045410156,345.4811250749577,338.48165441257885,341.70613067280914,28352700
2023-07-17,339.8776550292969,341.1163059378195,336.4074104186514,339.82848340532155,20363900
2023-07-18,353.4046936035156,360.57129992405726,336.3779021410324,339.97592078654986,64738600
2023-07-19,349.0693359375,356.3244150776322,346.4740403920073,355.6264420712178,39732900
2023-07-20,340.99835205078125,351.9104627618091,339.52374330607455,347.58494977753446,33778400
2023-07-21,337.9508056640625,344.3702675687518,334.077497807225,343.2397402503529,69405400
2023-07-24,339.2680969238281,341.04748554440357,336.515506241867,339.99559089055157,26678100
2023-07-25,345.0387878417969,345.933387393559,339.2288259183692,341.23427216529524,41637700
2023-07-26,332.0523681640625,338.83559201935464,327.47124698104943,335.66025722913804,58383700
2023-07-27,325.12164306640625,335.5520248324866,323.4798992723694,334.71643745329476,39635300
2023-07-28,332.6422119140625,334.2544650928314,327.53025330055345,328.02178951344797,28484900
2023-07-31,330.2337341308594,331.98360201648336,327.7170408786547,331.21680665089514,25446000
2023-08-01,330.6466064453125,332.8093779810009,328.05131060347867,329.5160790520631,18311900
2023-08-02,321.9562072753906,327.9824458178332,320.8354903518812,327.9824458178332,27761300
2023-08-03,321.13043212890625,324.2959264406298,320.4324591287807,320.4816007481319,18253700
2023-08-04,322.2314758300781,329.46690442388586,321.70060832431494,326.2620787423008,23741500
2023-08-07,324.5220031738281,325.5050755362961,321.9758493551546,322.8114668634499,17741500
2023-08-08,320.5307312011719,323.1850385754183,317.5323725014756,321.42533064951436,22327600
2023-08-09,316.7754211425781,321.5727891157856,315.61537294318714,320.9436383983928,22373300
2023-08-10,317.4635314941406,322.70332366781076,315.7431549645052,320.50122130920715,20113700
2023-08-11,315.5760803222656,316.95237568031445,313.8065320039268,314.83877602320496,24355500
2023-08-14,318.5548095703125,318.57446021923187,314.6618210129477,315.9496735414383,18836100
2023-08-15,316.4117126464844,319.5870477442435,315.467971410383,317.5324297401616,16966300
2023-08-16,315.64324951171875,319.6035867530306,315.0521512600074,316.03730499135764,20698900
2023-08-17,312.175537109375,317.0914448901851,311.51547084312125,315.78120358070635,21257200
2023-08-18,311.7814636230469,313.6532496991234,306.9246328799907,309.8209872544114,24755000
2023-08-21,317.10125732421875,317.97802842715464,312.33311733134,313.2098884342759,24040000
2023-08-22,317.6726989746094,321.23895106672995,316.68754513415576,320.66757506765094,16084600
2023-08-23,322.1452941894531,324.31264458594995,318.6578413021839,319.012512305478,21166400
2023-08-24,315.2196350097656,328.03649444705104,315.2097738519858,327.90841965393514,23281400
2023-08-25,318.1849670410156,320.52960769740787,314.0670015423209,316.697375267024,21684100
2023-08-28,318.8943176269531,321.30792655371766,316.94370215408395,320.8252107812668,14808500
2023-08-29,323.53436279296875,324.09590767397725,317.1013096869728,317.1013096869728,19284600
2023-08-30,323.9087219238281,324.913567962967,321.6034656708571,323.79050827975385,15222100
2023-08-31,322.89398193359375,325.99721003341494,321.9285204975252,324.31260564742706,26411000
2023-09-01,323.78070068359375,327.0612501073794,321.9286064480219,326.39135263713376,14942000
2023-09-05,328.5980224609375,329.8787403792181,323.78063623976607,324.1155849082222,18553900
2023-09-06,327.9380187988281,329.4945486553449,325.2780913747757,328.4305957244297,17535800
2023-09-07,325.0120849609375,328.1350055862109,324.14514483010225,326.37160197842854,18381000
2023-09-08,329.30731201171875,331.1692669104406,324.568725184115,325.18937681702226,19530100
2023-09-11,332.9228820800781,333.395766733697,330.45013638799065,332.2332623849475,16583300
2023-09-12,326.844482421875,331.7899739966765,326.55880945144554,330.8343735583372,17565500
2023-09-13,331.0707702636719,331.8490501523294,326.2533840096043,326.39128990249543,16544400
2023-09-14,333.6716003417969,335.7995060691533,331.57321796102076,334.1149015081179,20267000
2023-09-15,325.3174743652344,332.39087111470906,324.7559295090808,331.91801655332216,37679800
2023-09-18,324.1746826171875,325.494785002062,321.5147555316382,322.93337930199704,16834200
2023-09-19,323.770751953125,324.4997861225163,319.69223133844173,321.32759006020507,16505900
2023-09-20,316.00775146484375,324.6968145876131,315.7516319386517,324.61801551751694,21436500
2023-09-21,314.78619384765625,320.5197962034768,310.3234483172927,314.5202131437501,35560400
2023-09-22,312.3036193847656,316.6777047127133,311.45637147338414,316.54962990690495,21447900
2023-09-25,312.8257141113281,312.95378890256507,310.3234152969044,311.88980607113865,17836000
2023-09-26,307.50592041015625,311.190385987701,305.41736910779923,310.4515206404709,26297600
2023-09-27,308.146240234375,309.63380190644403,305.09225769207535,307.6634944681224,19410100
2023-09-28,308.983642578125,310.7963219055671,304.85584588034675,306.3729610383482,19683600
2023-09-29,311.06231689453125,314.72709028665287,310.30375928067184,313.0326245233169,24147300
2023-10-02,317.0224609375,317.1111512307064,310.50074800072014,311.5844231256774,20570000
2023-10-03,308.7373352050781,316.6185648747961,306.58967727105596,316.066851138571,21033500
2023-10-04,314.224609375,315.2885921855911,309.33825553994615,309.36780894776786,20720100
2023-10-05,314.61871337890625,315.2295340089772,310.2249357059366,314.3527326674706,16965600
2023-10-06,322.40142822265625,324.30276775869294,311.60412139660474,311.8504098359206,25673600
2023-10-09,324.92340087890625,325.3962554141024,318.3819658733118,319.92866439936114,19891200
2023-10-10,323.5146179199219,326.1843758633674,322.8053060973105,326.04643992295536,20557100
2023-10-11,327.48480224609375,327.87885770845634,324.2534993515134,326.2927446369784,20063200
2023-10-12,326.2434997558594,328.6768305739905,323.8397223458632,325.66226268620113,19313100
2023-10-13,322.86444091796875,328.8738545851508,321.5147550613679,327.44539972348696,21072400
2023-10-16,327.7015380859375,331.14957600318263,325.6918161389676,326.13511726105344,22158000
2023-10-17,327.1301574707031,328.50936673162636,322.5491984669727,324.6968264635894,18338500
2023-10-18,325.2091064453125,330.60776009184275,323.4259804727019,327.553777299333,23153600
2023-10-19,326.4012145996094,331.878668167694,325.9972978715386,327.2188791514026,25052100
2023-10-20,321.8201904296875,326.9922476443287,320.6183016458001,326.7952048674921,25027700
2023-10-23,324.4308776855469,327.79025596929597,319.57407635184484,320.63802929650694,24374700
2023-10-24,325.6228942871094,326.91344339948563,322.73640078016155,326.38145191312543,31153600
2023-10-25,335.6123352050781,341.06023414202036,332.60759828291276,339.8977298889024,55053800
2023-10-26,323.0221252441406,336.558130148408,322.08621701756,335.48431600999555,37828500
2023-10-27,324.91363525390625,331.72105293709785,323.52456451933614,325.52442591779226,29856500
2023-10-30,332.3022766113281,334.41052049619503,326.9036221397968,328.46018221758897,22828100
2023-10-31,333.0903625488281,333.9671639293421,329.7211531293836,333.8193968608595,20265300
2023-11-01,340.93218994140625,342.2621536122384,334.6074891841975,334.74542515005817,28158800
2023-11-02,343.1488037109375,343.65121174149834,339.6514894286655,342.0848206936706,24348100
2023-11-03,347.562255859375,349.12867689079525,342.17346325846154,344.43933508440006,23637700
2023-11-06,351.2369079589844,352.23192298801735,348.1041258688438,348.2026472687151,23828300
2023-11-07,355.1774597167969,357.0787991287098,352.3205200201419,354.06423123344223,25833900
2023-11-08,357.807861328125,358.4678975179717,355.1971797857397,356.31040835628005,26767800
2023-11-09,355.3351745605469,359.3743116994497,355.01005692647374,356.9212579619861,24847300
2023-11-10,364.18182373046875,364.60543265510057,355.70949491528955,356.12324268113645,28042100
2023-11-13,361.2362060546875,362.99963986206404,360.4677872552205,362.75335139986936,19986500
2023-11-14,364.7729187011719,366.4280000793841,361.89628618895415,365.5019530209893,27683900
2023-11-15,364.9210205078125,368.33656292908665,362.3938800199408,366.51032306456335,26860100
2023-11-16,371.33746337890625,371.5151437395558,365.4243947338304,366.19437308883926,27182300
2023-11-17,365.09869384765625,369.5606164050821,362.28530061072286,368.8103701750915,40157000
2023-11-20,372.59112548828125,374.00274740716367,366.2338561414442,366.4510310616974,52465100
2023-11-21,368.2773132324219,371.38684030809384,366.35235211982354,370.8439180073763,28423100
2023-11-22,372.9958801269531,374.9109599374389,370.1528738051793,373.14394709672723,23345300
2023-11-24,372.5812683105469,373.1143395355948,370.32070891042537,372.4825469539782,10176600
2023-11-27,373.74615478515625,375.75010521742956,371.3671414713165,371.9396772194427,22179200
2023-11-28,377.7835998535156,378.07973380889825,373.3019152003715,373.4894767472904,20453100
2023-11-29,373.9830322265625,379.3629996146164,372.591142464095,378.82995852513955,28963400
2023-11-30,374.0422668457031,375.2071005292818,370.64645702621425,373.6276491974568,30554400
2023-12-01,369.69879150390625,373.3018950187399,366.5398888981319,371.91988642578656,33040500
2023-12-04,364.39776611328125,364.7728590438149,358.2379093318976,364.3582715480311,32063300
2023-12-05,367.734375,368.28717849587747,360.9230225414494,361.7423767365925,23065000
2023-12-06,364.0621643066406,369.3730544542741,363.3020670287441,368.7412919393215,21182100
2023-12-07,366.1844787597656,366.67805534247157,361.61395478382457,363.49942094482424,23118900
2023-12-08,369.4223937988281,369.6494197796378,363.4994739427989,364.45701385787805,20154400
2023-12-11,366.530029296875,366.82619337920636,361.3968499172915,363.7462797263503,27708800
2023-12-12,369.5704345703125,369.60992913503406,365.70078061680414,366.08578484040567,24838300
2023-12-13,369.5605773925781,372.7885879751983,366.00681947505166,371.1893743181654,30955500
2023-12-14,361.2290344238281,368.95846237315817,359.45217036391796,368.51423129541524,43277500
2023-12-15,365.9673156738281,367.6158446429965,361.5744718957099,362.13715644828704,78502300
2023-12-18,367.8626708984375,368.2081805782412,363.943671095841,364.70379841651464,21802900
2023-12-19,368.46484375,368.46484375,365.0887662696819,366.7175631601881,20603700
2023-12-20,365.8587646484375,371.19926781243174,365.7699244632415,370.18250108115,26316700
2023-12-21,368.7412414550781,369.6000599811611,365.28620500497976,367.77382040386084,17708000
2023-12-22,369.7678527832031,370.3601507609569,367.921881017533,368.8794208793357,17107500
2023-12-26,369.8468322753906,372.0975404317787,368.7017309150492,370.18246075808156,12673100
2023-12-27,369.26446533203125,370.241737520185,368.0206424558139,368.8893422344082,14905400
2023-12-28,370.45892333984375,371.6237571110033,369.3533163620971,370.547763529963,14327000
2023-12-29,371.20916748046875,372.31477445203035,368.6820572238906,371.16967290990425,18730800
2024-01-02,366.10552978515625,371.0709095466851,362.0581953380122,369.0571084332548,25258600
2024-01-03,365.83905029296875,368.4648819106026,363.7759033345844,364.2694800267969,23083500
2024-01-04,363.21319580078125,368.3069105586838,362.45309858783475,365.90813521572943,20901500
2024-01-05,363.025634765625,367.2802631804361,361.7916931110851,364.22996302547705,21004600
2024-01-08,369.8764953613281,370.3799532157685,364.2694714991835,364.5557242835835,23134000
2024-01-09,370.96234130859375,371.1597538902258,366.421430173672,367.2309030972876,20830000
2024-01-10,377.8526611328125,379.23469986544035,371.48554036689814,371.5348859821227,25514200
2024-01-11,379.68878173828125,385.66104720244766,375.49338017859446,381.04117695037814,27850800
2024-01-12,383.47943115234375,383.6867249034369,379.7084984391716,380.53770356907125,21661200
2024-01-16,385.25628662109375,388.967992467666,382.6403365432814,388.6027505865881,27202300
2024-01-17,384.4666442871094,385.0984068116101,379.86650572773016,382.9957953292044,22234100
2024-01-18,388.81011962890625,388.9285732213275,385.1082942380826,386.68774576327377,23392100
2024-01-19,393.54840087890625,393.54840087890625,388.4448053024204,390.67578129578703,29331100
2024-01-22,391.4161376953125,395.473323018941,388.53363700238464,394.8810250545832,27016900
2024-01-23,393.77545166015625,394.24929609694567,388.8692984754516,390.6659247403921,20525900
2024-01-24,397.3884582519531,400.4190263282457,395.3055791013252,396.38157265965583,24867000
2024-01-25,399.6687927246094,401.7813154634368,397.3588573808602,399.12587040416065,21021200
2024-01-26,398.7408447265625,400.9520887119918,397.2601147041947,399.1751946098328,17803300
2024-01-29,404.4564514160156,404.71312091427023,399.13568066698633,400.8434667217464,24510200
2024-01-30,403.3409729003906,407.7436682887795,401.22848045302675,406.96383885346637,33477600
2024-01-31,392.472412109375,409.98453286629814,392.1071701932433,401.7319152692152,47871100
2024-02-01,398.5927734375,402.75856172705096,396.63819898392825,396.6678123790341,30657700
2024-02-02,405.93719482421875,407.3488168603616,398.375596677948,398.6223850112119,28256700
2024-02-05,400.4387512207031,405.8779758304878,398.8000730412909,404.6341529667765,25352300
2024-02-06,400.2807922363281,402.72894332826615,397.7339499122829,400.6657964934495,18382600
2024-02-07,408.7308044433594,408.97759276390855,402.16624114185635,402.2057357082919,22340500
2024-02-08,408.7900695800781,410.22145402375685,407.23038050312016,408.73084278763224,21225300
2024-02-09,415.1473388671875,415.41388955817405,409.75748988702503,409.9154380417315,22032800
2024-02-12,409.9253234863281,415.33490474511336,409.4218656208019,415.15722436629136,21202900
2024-02-13,401.10015869140625,404.80198377503444,398.2078065895252,399.73788224054636,27824900
2024-02-14,404.9769592285156,405.32310787901633,400.1111999525174,403.57262609504295,20401200
2024-02-15,402.0792236328125,404.6209064246705,399.8342525934749,403.6418270582009,21825500
2024-02-16,399.6067810058594,403.7901722944783,398.99361896429224,403.4637923812322,22296500
2024-02-20,398.3507995605469,400.0320454973026,393.62348186339256,398.7958219344355,24307900
2024-02-21,397.74749755859375,397.8563009238514,392.8421710254568,395.7596706387702,18518900
2024-02-22,407.1131591796875,408.28014704114486,404.06711743971994,405.6692584327785,27009900
2024-02-23,405.8175964355469,411.27674907450717,404.4627001774506,411.0888708510676,16295900
2024-02-26,403.0484313964844,407.61750865515694,402.87039227350954,406.9252114178632,16193500
2024-02-27,402.9891052246094,403.8198438215264,399.39910723637763,403.4934639055569,14835800
2024-02-28,403.2264099121094,404.7889830292892,400.85286699100425,403.6813316781892,13183100
2024-02-29,409.0812683105469,409.6350941093276,401.44634959164983,404.13637354911725,31947300
2024-03-01,410.92071533203125,411.28663268034427,406.35163783892614,406.7373238991448,17823400
2024-03-04,410.3471374511719,412.7503489287205,407.77578628129385,408.8834378175513,17596000
2024-03-05,398.2122802734375,409.68443959713613,396.2244535460073,409.3976273142039,26919200
2024-03-06,397.6584777832031,400.69464990996806,393.9992743713947,398.52878394681863,22344100
2024-03-07,404.63079833984375,405.26372907387855,397.8068205149772,401.644063065413,18718500
2024-03-08,401.7429504394531,405.8966732764971,399.87376610841244,403.46376381248507,18002200
2024-03-11,400.06170654296875,401.20892561066205,396.8376560715736,399.31010315335084,16120800
2024-03-12,410.7030944824219,410.98990677094014,402.306674544951,403.1275136284859,22457000
2024-03-13,410.5251159667969,413.571157465626,406.9153492946695,413.49205243943396,17115900
2024-03-14,420.5335998535156,423.1049509734387,413.38327169789596,415.6084741741532,34157300
2024-03-15,411.8305969238281,417.942479135497,408.2405987740766,414.66896146964007,45079900
2024-03-18,412.72064208984375,416.09306343618266,409.2196486698743,409.6844699154105,20106000
2024-03-19,416.76556396484375,417.0227081134529,410.970132443708,413.2250029233721,19837900
2024-03-20,420.54345703125,421.26539222387987,416.02381676802577,417.3490447100486,17860100
2024-03-21,424.6378479003906,426.07187931857345,422.45221307253894,425.092769724827,21296200
2024-03-22,424.0147399902344,425.12239136221154,421.3741836269024,424.9641813215602,17648500
2024-03-25,418.1995849609375,422.69945686878276,416.96336138975573,420.5533594694659,18060500
2024-03-26,417.0028991699219,421.2950634803322,416.7062176065533,420.9192467125738,16725600
2024-03-27,416.7853698730469,419.7721054619498,414.3920578406214,419.7622060149696,16705000
2024-03-28,416.0831604003906,417.2204799799258,414.5007882900106,416.32050565351443,21871200
2024-04-01,419.8907165527344,423.17413325734867,417.5666104461178,419.27755455465604,16316000
2024-04-02,416.79522705078125,417.72486953541625,413.2348973416725,415.4798683479255,17912000
2024-04-03,415.816162109375,418.59519021361444,414.47113520321466,415.1040961428757,16502300
2024-04-04,413.27447509765625,423.9455650411732,412.96789407723793,420.30610003731573,19370900
2024-04-05,420.8302917480469,421.8094013848157,413.7096617584277,415.38103851823735,16554800
2024-04-08,419.9104919433594,422.5708472466926,418.63470088049553,420.48411653092035,14272400
2024-04-09,421.5818786621094,423.0257792491063,416.9732338650976,421.74011889073387,12496900
2024-04-10,418.5951843261719,419.3566871510799,415.0744221472326,417.5369697470064,16216600
2024-04-11,423.21368408203125,424.6378159464607,417.7050650079003,421.1269533333631,17966400
2024-04-12,417.25018310546875,420.4940326220514,415.1436532637378,419.3764816595376,19253800
2024-04-15,409.0812683105469,422.1160036581772,408.87356100007224,421.8984270814246,20273500
2024-04-16,410.0108337402344,413.7887401482267,409.1702258721835,410.00096447508815,16765600
2024-04-17,407.3009948730469,414.26341355447306,405.80762733886866,412.65137340217865,15855500
2024-04-18,399.814453125,407.3504970183281,399.49800284316774,406.1043740582622,21029900
2024-04-19,394.7212219238281,401.0111429150955,393.3860944801934,399.5771115531844,30565800
2024-04-22,396.54095458984375,398.4101391191041,391.38838318863185,395.6706483655049,20286900
2024-04-23,403.0780944824219,403.70115595190015,398.61779046162303,399.78477819553336,15734500
2024-04-24,404.5516662597656,407.92408759573516,402.2967957988556,405.04615566067775,15065300
2024-04-25,394.64215087890625,395.4827889847814,383.7534834719766,389.6873569046374,40586500
2024-04-26,401.8418884277344,408.4482598176065,401.28806269332824,407.6274206623671,29694700
2024-04-29,397.8167724609375,401.84192392796814,394.7904993658521,400.7837092350402,19582100
2024-04-30,385.03912353515625,397.727739119863,384.88091347817664,397.0651100086482,28781400
2024-05-01,390.5873107910156,397.29258621007074,386.0083338706027,388.2829731610127,23562500
2024-05-02,393.455322265625,395.5222843363775,390.30047747836124,393.2773133250789,17709400
2024-05-03,402.1781311035156,402.66272106797066,397.431014652392,397.8463990370952,17446700
2024-05-06,408.9822998046875,409.36798584093685,401.89130855665024,404.25498236640857,16996600
2024-05-07,404.8285827636719,410.0998567263718,404.5813380609886,410.08995728026827,20018200
2024-05-08,406.0153503417969,407.68672686794355,402.2275447730789,403.6714754994307,11792300
2024-05-09,407.7757568359375,408.1713423301442,404.59124380852967,406.0450438901993,14689700
2024-05-10,410.1690673828125,410.8020283165112,407.2614672287658,408.3889175739522,13402300
2024-05-13,409.1602783203125,413.73925463493686,406.2922460610267,413.403005491002,15440200
2024-05-14,411.9690246582031,412.8887677392151,407.01423099397886,407.47905225770086,15109300
2024-05-15,419.1718444824219,419.8951120945601,413.4155159621218,414.0397012631118,22239500
2024-05-16,417.10113525390625,421.4902365295034,416.4670629155656,417.9036505371182,17530100
2024-05-17,416.3283386230469,419.0133270061195,414.16848343784375,418.6368323849846,15352200
2024-05-20,421.4109802246094,422.82776355183796,416.11039402133315,416.32836301288194,16272100
2024-05-21,425.0768127441406,428.9705026738853,420.92551485184475,422.8872055338078,21453300
2024-05-22,426.5431213378906,428.41567724259045,423.1844517072994,426.1171006588035,18073700
2024-05-23,423.0556335449219,429.5946728037583,421.49024192824197,428.9704875231151,17211700
2024-05-24,426.18646240234375,427.07814273445496,420.4895772016025,423.2438961414034,11855300
2024-05-28,426.3450012207031,426.8403825578059,422.6593628632313,425.6613725566471,15718000
2024-05-29,425.20562744140625,426.95926647856015,421.75776247263485,421.75776247263485,15517100
2024-05-30,410.83953857421875,420.3805569661453,410.4134876792539,420.3805569661453,28394500
2024-05-31,411.2952880859375,412.90031868017155,400.7733939809139,412.90031868017155,47995300
2024-06-03,409.70013427734375,412.58325703510326,405.142650563615,411.69157675353347,17484700
2024-06-04,412.22662353515625,412.5932008783865,405.89563568095855,408.62023297171766,14348900
2024-06-05,420.0932922363281,420.1626226445845,412.45449022904074,413.95055154632206,16988000
2024-06-06,420.5985107421875,421.38122162993574,416.6949038401279,420.0932423972592,14861300
2024-06-07,419.93475341796875,422.3422993904052,419.09259912200673,422.2630516824485,13621700
2024-06-10,423.9176025390625,424.12565422580445,419.9743866143219,420.7769019274312,13982900
2024-06-11,428.68316650390625,428.82188778491104,421.3218074365333,421.54969372575147,14551100
2024-06-12,436.98577880859375,439.3041598174871,429.2479248102113,431.29881078427445,22366200
2024-06-13,437.5009765625,439.2942848532079,435.31139947750404,436.7777391476236,15960600
2024-06-14,438.4818420410156,439.04658401937843,432.6858743754039,434.23146172147676,13582000
2024-06-17,444.2282409667969,446.774508213362,436.64891280244507,438.5016341053226,20790000
2024-06-18,442.2170104980469,445.9819268194956,440.7804227549636,445.55587588842855,17112500
2024-06-20,441.5829162597656,442.4052359389207,437.1938148300054,442.17734964919055,19877400
2024-06-21,445.6252136230469,446.41781163119543,442.3854307142529,443.24738936292533,34187100
2024-06-24,443.53472900390625,448.5677899641911,442.286358388998,445.64502805126915,15913700
2024-06-25,446.784423828125,447.25008347754516,442.62320865306464,444.10935261048957,16413400
2024-06-26,447.98321533203125,449.4099158773303,444.04988664900225,444.8524019262736,16507000
2024-06-27,448.6668701171875,451.9562093572158,447.5968295279366,448.00304584092294,14806300
2024-06-28,442.8213806152344,451.17350253784576,442.2863603157035,448.88484322432845,28362300
2024-07-01,452.5110168457031,453.1450891922846,441.5432675183624,444.5155553424217,17662800
2024-07-02,455.0374450683594,455.3445790550665,448.9244265313974,449.01362177266395,13979800
2024-07-03,456.5137023925781,456.76139305889615,453.65041401249385,453.957548019874,9932800
2024-07-05,463.240966796875,464.0236777303131,454.7303195449201,455.36439189726417,16000300
2024-07-08,461.9331970214844,463.37973235023577,460.16964060410885,462.24033104325304,12962300
2024-07-09,455.2950744628906,463.0130936996793,453.7692915232205,462.6861553304454,17207200
2024-07-10,461.9430847167969,462.1511364069266,454.6213342335764,456.9595498058476,18196100
2024-07-11,450.49981689453125,460.4866917201194,447.3788901655864,458.703330934161,23111200
2024-07-12,449.3603820800781,452.1444226722039,446.48717647887116,450.1331757277914,16324300
2024-07-15,449.7666015625,453.0361364302562,447.2599732817251,449.1126945889487,14429400
2024-07-16,445.36761474609375,450.1034589951911,442.53404808528967,450.0242112870306,17175700
2024-07-17,439.42303466796875,440.7407659095282,435.12312844393387,438.5016326704633,21778000
2024-07-18,436.3021240234375,440.5425867682437,430.38727005541875,440.23545277919766,20794800
2024-07-19,433.0722351074219,437.0650374995757,428.00945262308335,429.09929755421246,20940400
2024-07-22,438.84844970703125,440.4931194808367,434.8556770812407,437.70907860515956,15808800
2024-07-23,440.74078369140625,444.2480920401895,439.00694900358457,439.7995470523178,13107100
2024-07-24,424.9381408691406,437.4019532970569,423.6402440749842,436.3814688657199,26805800
2024-07-25,414.53509521484375,425.8297836093588,413.65333216081086,424.83902093903856,29943800
2024-07-26,421.34161376953125,424.9579215661057,413.41551271082733,414.33694493801545,23583800
2024-07-29,422.7881164550781,428.158032577235,420.77686967559504,427.5932906636887,15125800
2024-07-30,419.01336669921875,425.0867165408092,413.5046983714735,423.7690154776861,32687600
2024-07-31,414.4855651855469,417.88387385546883,408.4022679352166,416.61569885909415,42891400
2024-08-01,413.2569885253906,423.5113878535516,409.2741336141255,416.9030180044247,30296400
2024-08-02,404.7166442871094,411.1665191178448,400.60498514306653,408.6796950737874,29437900
2024-08-05,391.4998474121094,397.3354538191348,382.01824178124633,385.57510623229217,40709200
2024-08-06,395.9186706542969,401.92272047285906,394.8189385631437,396.30508262297985,24946500
2024-08-07,394.7495422363281,406.2919206772892,393.79841858999345,404.865250325625,20650900
2024-08-08,398.97021484375,402.11091551932753,396.24561755012843,398.7225241806935,20203000
2024-08-09,402.2694396972656,404.2806866644843,398.5441926988125,400.2978317019802,19276700
2024-08-12,403.05218505859375,404.98418448253045,400.50591757780563,403.29987574188414,16762900
2024-08-13,410.1856384277344,411.1169577013194,405.7866500141935,405.8064543815787,19414300
2024-08-14,413.0093078613281,413.8613794713292,408.6400711388976,410.9683392009438,18267000
2024-08-15,417.89263916015625,417.972029702109,414.5477559984779,416.671793760154,20752100
2024-08-16,415.35174560546875,418.20035477297347,414.1904506066069,417.4658786225156,22775600
2024-08-19,418.3889465332031,418.60730840360986,413.356718626676,415.83808974940047,15234000
2024-08-20,421.63458251953125,422.68668148594463,418.4981559756192,418.557706461252,16387600
2024-08-21,420.9794921875,423.22263097030424,418.57751173597626,420.9199114166435,16067300
2024-08-22,412.4534912109375,423.60975624910697,411.5204932561933,421.19784052472494,19361900
2024-08-23,413.68426513671875,416.1358609497773,409.01927543893964,413.87285176004434,18493800
2024-08-26,410.4088134765625,414.1705802586453,408.2748405512739,413.2673576122786,13152800
2024-08-27,410.7562255859375,411.27233984867695,407.19298047026894,409.7835172509794,13492900
2024-08-28,407.5404052734375,411.9076124558987,404.2749123464537,411.78851148667684,14882700
2024-08-29,410.0416259765625,418.90507669309693,407.54041469455717,411.84807149198764,17045200
2024-08-30,414.0316467285156,414.37901443017955,409.05896964037805,412.50311373853776,24308300
2024-09-03,406.3890380859375,416.7512462836699,403.99699269665393,414.79592463376775,20313600
2024-09-04,405.8530578613281,408.1756176150405,401.356814564364,402.8853476688359,15135800
2024-09-05,405.3468322753906,410.0217264889614,403.10366332769695,404.58255066568705,14195500
2024-09-06,398.70672607421875,407.5900165631096,397.81340823350934,406.01186815612465,19609500
2024-09-09,402.6967468261719,405.6049064318399,399.1533416913916,404.2054095225525,15295100
2024-09-10,411.1135559082031,413.2276585385216,404.6619913629379,405.1582655587275,19594300
2024-09-11,419.8876953125,420.83059814465895,406.527971667463,412.4038716868024,19266900
2024-09-12,423.81817626953125,424.18541433930886,416.62220020874884,420.1556701684846,17395700
2024-09-13,427.3814392089844,428.61218961071086,422.2896607454525,422.6568988304725,15874600
2024-09-16,428.1258544921875,430.29953807017074,425.02910810442387,427.3913783153956,13834700
2024-09-17,431.9074401855469,438.5575267353336,429.0488958810436,436.949603136594,18874200
2024-09-18,427.59979248046875,432.78089656665435,427.20277916114134,431.75857288155333,18898000
2024-09-19,435.42108154296875,438.21014026162374,433.64441133789575,437.9421630848395,21706600
2024-09-20,432.02655029296875,435.966968827051,430.98438654289276,433.96203187473805,55167100
2024-09-23,430.2796936035156,433.2076933933247,427.182947247431,431.04394501505726,15128900
2024-09-24,425.9720458984375,430.1208912889201,422.92491478511505,429.7734932617357,17015800
2024-09-25,428.8901062011719,429.8925898519273,425.3765064150849,426.6270968939567,13396400
2024-09-26,428.0960693359375,432.05632795663564,425.9323209856426,431.847901263487,14492000
2024-09-27,424.8305358886719,428.6320130497984,424.2846464096371,428.30445513023994,14896100
2024-09-30,427.09356689453125,427.21269814697155,422.20031052363777,425.01914436125503,16807300
2024-10-01,417.5552062988281,425.28716713975047,415.68921038228643,425.257391898111,19092900
2024-10-02,414.021728515625,419.66933146547984,413.6048448503053,419.4310992466512,16582300
2024-10-03,413.4361267089844,416.4236768512481,411.20289276743637,414.51800085029123,13686400
2024-10-04,412.959716796875,416.62222309915006,411.87784259208183,415.1234652064613,19169700
2024-10-07,406.48828125,414.0018496365578,405.95229663138974,412.90013544904184,20919800
2024-10-08,411.6197509765625,412.5626841012525,405.1285060524599,407.83814388099404,19229300
2024-10-09,414.3492431640625,417.247497795826,411.2127866111198,412.7611596791307,14974300
2024-10-10,412.7413635253906,414.24012144932607,410.0714056441615,412.13592348125917,13848400
2024-10-11,413.2177429199219,414.0217046730069,410.1706121672714,413.039091483719,14144900
2024-10-14,416.0167541503906,420.8802352901763,414.40880028614094,414.65693738807056,16653100
2024-10-15,415.6197204589844,419.3318721896264,412.1656713035286,419.0340894861109,18900200
2024-10-16,413.0192565917969,413.2574585271856,407.421299078938,412.0763537374333,15508900
2024-10-17,413.6147766113281,419.35170523704693,412.49319205621896,419.2127339196968,14820000
2024-10-18,415.0440673828125,416.52295489433874,413.1582313681452,414.0316788587722,17145300
2024-10-21,415.659423828125,415.8380752730999,410.6669065146117,413.01924141063614,14206100
2024-10-22,424.32440185546875,427.37150260733677,414.92496672704124,415.37159535996557,25482200
2024-10-23,421.4360656738281,427.86776005710016,419.3814831724278,427.6493981928425,19654400
2024-10-24,421.5650939941406,422.80577949754775,419.2524392532927,422.1605988036373,13581600
2024-10-25,424.9595947265625,429.29702642206786,423.3913815699701,423.5799681906594,16899100
2024-10-28,423.4112243652344,428.72136443906953,423.12337684387694,428.44345209470936,14882400
2024-10-29,428.7312927246094,429.94220298203743,422.62709584345464,424.8107144355948,17644100
2024-10-30,429.3069763183594,435.2324917274877,428.880187758029,434.18039280239805,29749100
2024-10-31,403.3220520019531,413.05894946974416,403.2724064074055,412.2648925685448,53971000
2024-11-01,407.3121032714844,412.4038816750557,404.46349406157685,405.96225191647693,24230400
2024-11-04,405.41632080078125,407.3617375208185,402.5478716062057,406.74633205416956,19672300
2024-11-05,408.39398193359375,411.808351068097,405.0391632836315,405.32701081903,17626000
2024-11-06,417.0489807128906,417.31698816741806,407.4609595048601,409.346825702744,26681800
2024-11-07,422.2598571777344,423.66928922885575,416.75122569160607,418.14078738908074,19901800
2024-11-08,419.3913879394531,423.3218709209174,418.6370415012291,422.15067113853826,16891400
2024-11-11,414.8951721191406,421.6444892164841,412.90014011467326,419.37154486777723,24503300
2024-11-12,419.87774658203125,421.27724345465793,414.09120276331856,415.1333664626366,19401200
2024-11-13,422.0315856933594,426.13078508233804,415.0936518803662,418.4981158636683,21502200
2024-11-14,423.7090148925781,424.9794756745813,416.87034165331505,421.83308381585454,30246900
2024-11-15,411.9075927734375,419.64945830467593,410.5577414665236,416.69168340974903,28247600
2024-11-18,412.6619567871094,415.28226896658396,409.0292257942814,411.77857411978533,24727000
2024-11-19,414.6767883300781,414.825664526232,408.4832659585283,410.03163897887276,18133500
2024-11-20,412.3939208984375,414.18052617467214,407.52050466835993,413.76364252316546,19191700
2024-11-21,410.61370849609375,417.48594978990576,408.047821251109,417.2074811714516,20780200
2024-11-22,414.7211608886719,415.11896888171356,408.81361962204943,409.1219230929671,24814600
2024-11-25,416.5013732910156,418.778836873561,412.58290247238904,416.09361024787086,27691100
2024-11-26,425.6510925292969,426.69537265560376,416.5610569682543,417.29700327286355,23458900
2024-11-27,420.6784362792969,424.895286183322,419.7137359172663,422.78684605590655,18332400
2024-11-29,421.1458435058594,422.55809676444443,415.51677094971404,417.7942649272981,16271900
2024-12-02,428.6247863769531,430.63373653101576,419.00761775180223,419.2662066130162,20207200
2024-12-03,428.84356689453125,430.1066156030698,425.40245343840513,427.4909833141871,18302000
2024-12-04,435.0295715332031,437.2672755840065,430.26573974460115,430.6635477279166,26009400
2024-12-05,440.20111083984375,442.22997089475297,433.7863778049247,435.5268141893356,21697800
2024-12-06,441.14593505859375,443.6621076103015,439.3557536946216,439.88285607578405,18821000
2024-12-09,443.58251953125,445.8798931073043,438.09269688925554,440.18122659952354,19144400
2024-12-10,440.9072570800781,447.16289170564096,439.1867306857862,441.96149226752044,18469500
2024-12-11,446.5363464355469,447.8889300799693,441.62334015579273,441.62334015579273,19200200
2024-12-12,447.10321044921875,453.66714837494953,446.65565750056305,446.65565750056305,20834800
2024-12-13,444.8257141113281,448.9629838704377,443.14494732322726,445.98933356109154,20177800
2024-12-16,449.12213134765625,449.7089034526842,442.8466168869823,444.82573215231423,23598800
2024-12-17,451.9764404296875,452.80192160914675,447.1131792784758,448.5453123373024,22733500
2024-12-18,434.999755859375,450.17634202962637,434.6317523490202,448.8536235978926,24444500
2024-12-19,434.6416931152344,440.7580781855559,433.9355816606558,439.2066057877418,22963700
2024-12-20,434.21405029296875,441.31501544447383,426.28760397482347,430.74310199904505,64263700
2024-12-23,432.8714294433594,435.25830776300677,430.4646409959487,434.35327712310794,19152500
2024-12-24,436.9291076660156,437.1976515770788,431.817212852652,432.27469051669533,7164500
2024-12-26,435.7157897949219,438.5303413291557,434.24389716434194,436.6804901261448,8194200
2024-12-27,428.1772155761719,432.8415878431465,424.020065946368,432.22498090820386,18117700
2024-12-30,422.5083312988281,425.21346797282456,419.5943507529856,423.7316203926744,13158700
2024-12-31,419.1965637207031,424.3979934566231,418.36115784079396,423.77143145899026,13246500
2025-01-02,416.2925109863281,423.74159992080814,412.5829142901712,423.2045424399656,16896500
2025-01-03,421.0364685058594,421.712745134401,417.2472919522773,418.77885425500915,16662900
2025-01-06,425.5118713378906,431.9465149926899,423.15482788109534,425.66104554069966,20573600
2025-01-07,420.0617980957031,428.29654775990844,418.50037065706186,426.655570865203,18139100
2025-01-08,422.2398681640625,424.6367016726728,419.2363827431032,421.14587335814815,15054600
2025-01-10,416.6604919433594,422.38899347611215,412.7519459369572,422.30944402253056,20201100
2025-01-13,414.9101257324219,416.21296436365594,410.03690951971083,412.97077003054903,17604800
2025-01-14,413.3984375,417.4461724776856,408.4754763868852,415.5267269300622,16935900
2025-01-15,423.98028564453125,425.8102267141552,415.98421438422275,416.83953041233667,19637800
2025-01-16,422.25970458984375,427.1428756329152,422.07077084126166,426.35721474684357,15300000
2025-01-17,426.6854248046875,432.1056536473427,425.83013912279745,431.7177703608077,26197500
2025-01-21,426.1582946777344,428.5451728718131,423.27414892860577,427.8490165052251,26085700
2025-01-22,443.7616271972656,444.8257568157961,433.6173558153904,435.1688283301516,27803800
2025-01-23,444.2687683105469,444.3085582129765,439.08724891108926,439.58451646364995,18389300
2025-01-24,441.6332702636719,444.20911262497947,438.98780315861995,442.727264983927,15549500
2025-01-27,432.1851806640625,432.82169771122886,421.185624630697,421.6928472557325,35647800
2025-01-28,444.7561340332031,445.9296782334323,429.02258057650255,432.22498499378844,23491700
2025-01-29,439.9127197265625,444.4378728714111,437.9932741704639,444.2489087647689,23581400
2025-01-30,412.7221374511719,420.5491243253889,410.9021514578089,416.4814791520961,54586300
2025-01-31,412.7917785644531,418.39101660852566,412.64260435429605,416.69036991112364,34161900
2025-02-03,408.6744079589844,413.1398611878705,406.4267487485119,409.350684594608,25679100
2025-02-04,410.116455078125,411.65800277159144,407.5008227766752,410.43471361041793,20532100
2025-02-05,411.0314636230469,411.5684907814938,408.1572423104593,410.0965981017129,16316700
2025-02-06,413.547607421875,415.914605901032,411.73754619066034,411.73754619066034,16309800
2025-02-07,407.5107727050781,416.36212936115334,405.86979579790295,414.2040051086223,22886800
2025-02-10,409.96728515625,413.1895693646485,408.6744015876666,411.44913283343,20817900
2025-02-11,409.1915588378906,410.23580864154656,407.0632389741584,407.40140764567894,18140600
2025-02-12,406.8046569824219,408.5053035519359,402.1601645834243,404.98464070295296,19121700
2025-02-13,408.2964782714844,408.75395595267076,404.1392981832616,404.7758152621338,23891700
2025-02-14,406.1979675292969,406.6753553081934,403.66191514014076,405.5614808415711,22758500
2025-02-18,407.4013977050781,408.3561429609082,404.2785427328027,405.7703454735141,21423100
2025-02-19,412.5033264160156,413.21939292620334,405.4222411212721,405.65099512827777,24114200
2025-02-20,414.6857604980469,417.8547165109783,411.10822380495836,413.84867949906476,23508700
2025-02-21,406.793212890625,416.59905745325864,406.4743466307379,415.8915301727366,27524800
2025-02-24,402.59783935546875,407.9491968592537,397.93408950529806,407.09219625426255,26443700
2025-02-25,396.51898193359375,400.5250489764073,395.32316508227535,399.7078876937612,29387400
2025-02-26,398.3426513671875,402.1992147309307,392.8816600835235,396.6286198264506,19619000
2025-02-27,391.16766357421875,404.33180773998396,390.8089276067015,399.8773203400045,21127400
2025-02-28,395.6121520996094,396.24994544118493,385.2283339547379,391.29719366600983,32845700
2025-03-03,387.14166259765625,397.4358274187669,384.8197626823639,397.4358274187669,23007700
2025-03-04,387.26123046875,391.21745294280987,379.67765721488945,382.06932141422595,29342900
2025-03-05,399.628173828125,400.27594221038044,387.4605594414927,387.9887187604894,23433100
2025-03-06,395.5125427246094,400.7542663515353,391.3171323240562,392.91158534383527,23304600
2025-03-07,391.9449462890625,393.42976525122566,384.20192438386283,390.9583919892802,22034100
2025-03-10,378.8406066894531,385.0589401894391,375.9108079261914,384.50088617849997,32840100
2025-03-11,379.12957763671875,384.6603029891263,375.60185546191633,377.6845980126396,30380200
2025-03-12,381.9397888183594,383.883033194115,377.634805186652,381.62092254273574,24253600
2025-03-13,377.45538330078125,383.9826683121219,376.139987768004,381.8301614244045,20473000
2025-03-14,387.21142578125,388.87564310802037,378.19284770158055,378.46189966674945,19952800
2025-03-17,387.3509521484375,391.3470139725856,384.23181056492524,385.35789354291256,22474300
2025-03-18,382.18890380859375,386.02554767204197,379.77731994813644,385.7266010485673,19486900
2025-03-19,386.4740295410156,388.32755958105986,382.66728002942375,384.1919687568245,19185500
2025-03-20,385.49737548828125,390.4302074924951,381.9497337537801,384.4011872193827,18470500
2025-03-21,389.9020690917969,390.38038369901005,381.47140919973003,381.8899648927027,39675900
2025-03-24,391.7157287597656,394.02768406346627,388.45708885622673,394.02768406346627,21004500
2025-03-25,393.7885437011719,394.98436068056907,391.2773006739415,392.552857032296,15775000
2025-03-26,388.6165466308594,393.93800963918454,387.2214116418782,393.6290879777552,16108400
2025-03-27,389.2243957519531,390.87863801869304,386.05543991632794,388.7759758195498,13766800
2025-03-28,377.48529052734375,387.77945533191945,375.6217855831935,386.7330813092454,21632000
2025-03-31,374.087158203125,375.761320171641,365.96541986866765,371.2470435423123,35184700
2025-04-01,380.8635559082031,381.52126893067276,371.93466141936483,373.34971607028785,19689500
2025-04-02,380.813720703125,383.74348886180815,375.3128595122782,376.6581801475031,16092600
2025-04-03,371.8150329589844,376.16989155085776,368.06810346654436,373.4892252977989,30198000
2025-04-04,358.59112548828125,373.2899337218873,358.2323895120423,362.86624500843976,49209900
2025-04-07,356.61798095703125,369.7123913004176,343.5933653790687,349.66222551139305,50425000
2025-04-08,353.3294372558594,372.35317854006513,349.0343982710952,366.98190125867967,35868900
2025-04-09,389.13470458984375,391.865215467322,351.8744910293168,352.3129663406882,50199700
2025-04-10,380.0264587402344,382.56759631800514,366.5234683324548,380.7339860356081,38024400
2025-04-11,387.1018371582031,388.6962597846969,377.57501903009035,379.31894538802237,23839200
2025-04-14,386.4640197753906,393.28027643878613,382.8765082652718,391.8552468593249,19251200
2025-04-15,384.3912658691406,390.5298901348079,382.82670753665025,387.16161616456134,17199900
2025-04-16,370.32025146484375,380.2855448116978,366.72279516422714,379.34883521582236,21967800
2025-04-17,366.5035400390625,373.02085009277744,365.61664478749583,372.45282110026085,21120200
2025-04-21,357.87359619140625,363.21500903617533,354.43558836453434,361.5607667541322,20807300
2025-04-22,365.5469055175781,366.4935901583944,358.611039306251,362.1188421014038,19485000
2025-04-23,373.0906066894531,379.06978228856406,371.7253360485286,374.75479353400954,20545500
2025-04-24,385.9557800292969,387.10181303671203,373.8878249819962,374.3960646492269,22232300
2025-04-25,390.4900207519531,390.79894240871675,383.2651831703409,385.65684745985266,18973200
2025-04-28,389.8023986816406,391.3769015704532,385.2980972626593,390.59960994479576,16579400
2025-04-29,392.67242431640625,393.7287429695286,389.02512333213684,389.9419132819562,14974000
2025-04-30,393.88818359375,395.2833185411371,383.10572919383554,388.94537633492024,36461100
2025-05-01,423.9235534667969,435.47332427713997,423.4252888222868,429.6137271918364,58938100
2025-05-02,433.769287109375,437.91485278651635,428.49763841940904,430.2415647531947,30757400
2025-05-05,434.65618896484375,437.97461808249534,430.6102521137275,431.367624097433,20136100
2025-05-06,431.8061218261719,436.2107948487266,429.6735648726689,430.6999888667604,15104200
2025-05-07,431.8459777832031,436.5994115910065,429.6137314736212,432.3342674079582,23295300
2025-05-08,436.6492614746094,442.1301726837614,434.147963172883,436.41007376009867,23491300
2025-05-09,437.20733642578125,439.2103397565405,434.3672216715751,438.47291776294395,15324200
2025-05-12,447.70074462890625,447.8103482497994,438.2536363054134,444.3922601902366,22821900
2025-05-13,447.5812072753906,449.1058959658508,443.8142971336702,446.22591154405814,23618800
2025-05-14,451.36798095703125,452.32464056421765,446.5846525094385,446.5846525094385,19902800
2025-05-15,452.3863220214844,455.44129747226026,449.6907411096269,450.0301794411029,21992300
2025-05-16,453.5244445800781,453.6142932166669,447.99355872232604,451.30808680840903,23849800
2025-05-19,458.11688232421875,458.83570185482216,450.0601197660991,450.14000552921704,21336500
2025-05-20,457.4180603027344,457.58776423526933,453.57437286704067,454.8422775622727,15441800
2025-05-21,451.8272399902344,457.02868069868646,451.06847756848606,453.8239575485261,19216900
2025-05-22,454.11346435546875,459.49463285512667,453.1550484484722,454.2033434579146,18025600
2025-05-23,449.441162109375,452.94541128469075,448.17325738802526,449.24150862772166,16883500
2025-05-27,459.93389892578125,460.19348195260824,455.3713920868909,455.7308170830738,20974300
2025-05-28,456.609375,461.7609101640183,456.1800880198718,460.4630558858422,17086300
2025-05-29,457.9272155761719,460.9622349154345,454.56275123248776,460.79250051058557,13974800
2025-05-30,459.60443115234375,460.9222720478794,454.79236501090486,458.96549737927586,34770500
2025-06-02,461.2118225097656,461.35157690062545,456.1401731404802,456.3897628439735,16626500
2025-06-03,462.2101745605469,463.3782677615003,460.1036216507913,460.7126363614999,15743800
2025-06-04,463.1086730957031,464.9256933509807,462.2600620562611,463.2384646092932,14162700
2025-06-05,466.91241455078125,468.8791825139859,463.26841119380083,464.1968775224098,20131700
2025-06-06,469.6080017089844,472.56313512848675,468.0106215882427,469.31846913564885,15285600
2025-06-09,471.97412109375,472.6529977632414,467.8508943889836,468.92913895110996,16469900
2025-06-10,470.1471252441406,472.02401413852874,466.19360257943936,470.4166711436691,15375900
2025-06-11,471.8443298339844,474.68965849935887,468.88919632531986,469.24859086789724,16399200
2025-06-12,478.0840759277344,479.6315503555016,472.7428502291372,474.2403884361742,18950600
2025-06-13,474.18048095703125,478.3935562569989,471.98410990605987,475.62811338522215,16814500
2025-06-16,478.3536376953125,479.90108160832807,474.2204177457221,474.4300645574067,15626100
2025-06-17,477.25543212890625,477.9542649832925,473.30190948641297,474.6197503672441,15414100
2025-06-18,479.4518127441406,480.2105751696819,473.68130019053103,477.21549881727225,17526500
2025-06-20,476.6164855957031,482.666537493529,476.0873566497709,481.4385756672578,37576200
2025-06-23,485.2023620605469,486.94948990747275,471.7345120072702,477.425138713905,24864000
2025-06-24,489.30560302734375,491.0427680081874,486.0010379300524,488.1475336634371,22305600
2025-06-25,491.4620666503906,493.7483167920849,488.58681895090325,491.2324636297239,17495100
2025-06-26,496.6335754394531,497.2226034494893,492.0011761864687,492.1709105807123,21578900
2025-06-27,495.1260681152344,498.4805390751374,492.22084033701867,496.73341116664807,34539200
2025-06-30,496.5936584472656,499.9381665482639,494.51705506439515,496.22427056302723,28369000
2025-07-01,491.242431640625,497.2325843953567,490.1742108879921,495.655190908974,19945400
2025-07-02,490.2840270996094,492.69007550131784,487.8979653734086,489.1858263089447,16319600
2025-07-03,498.02130126953125,499.3091926553608,492.6301698307581,492.99955771280014,13984800
2025-07-07,496.90313720703125,497.9314455400232,494.41723357438383,496.56369887519327,13981600
2025-07-08,495.804931640625,497.3823555722493,493.2990413573122,496.42390920841734,11846600
2025-07-09,502.68365478515625,505.94827712953634,498.919822567675,499.47890106455674,18659500
2025-07-10,500.656982421875,503.6121159415126,496.93309312638246,502.22438258392543,16492100
2025-07-11,502.49395751953125,504.20114253320645,496.9829974553982,497.6519112557523,16459500
2025-07-14,502.1944274902344,503.14288052756655,500.20770324807717,500.6968893054946,12058800
2025-07-15,504.9898376464844,507.465747883617,501.9648118083004,502.19441482497484,14927200
2025-07-16,504.7901611328125,505.88836188358,501.06630238508603,504.35088083250554,15154400
2025-07-17,510.8601989746094,512.5274410723513,504.7901605415637,504.85005963085433,17503100
2025-07-18,509.212890625,513.7953843002441,506.59719545986655,513.6356127696338,21209700
2025-07-21,509.2228698730469,511.24956741731427,504.7202620876888,505.8783619126309,14066800
2025-07-22,504.44073486328125,510.3610256433726,504.44073486328125,510.13139215337156,13868600
2025-07-23,505.0397644042969,505.95826791167354,499.87826643817476,505.9183250285286,16396600
2025-07-24,510.0415344238281,512.826933461713,506.4673929575042,507.93498157135946,16107000
2025-07-25,512.866943359375,517.4393829887753,509.52240467312413,511.6289272082179,19125700
2025-07-28,511.65887451171875,514.1547714605564,509.2827757416266,513.2362984451797,14308000
2025-07-29,511.728759765625,516.7704593446111,510.7204076628311,514.6839236482208,16469200
2025-07-30,512.3976440429688,515.1032182392812,508.6038929137552,514.3244691518986,26380400
2025-07-31,532.6243896484375,554.5383762548963,531.0270400328567,554.3187056451394,51617300
2025-08-01,523.2498168945312,534.9206337229102,520.0051507892547,534.1219588686084,28977600
2025-08-04,534.7609252929688,537.3666271513684,527.2632409127965,527.4030257699867,25349000
2025-08-05,526.8838500976562,536.4181643311854,526.374677366439,536.2983661514853,19171600
2025-08-06,524.0784912109375,530.8274067099719,523.1700114791388,530.0287318260303,21355700
2025-08-07,519.9852294921875,527.2233308658066,516.7005900083886,525.9354090023164,16079100
2025-08-08,521.1832275390625,523.7989228282858,518.5575389118288,521.7423060527517,15531000
2025-08-11,520.9136962890625,526.7241518809952,518.8670119786243,521.4427947726738,20194400
2025-08-12,528.3713989257812,530.1085334795151,521.8421543429575,522.8904188907295,18667000
2025-08-13,519.7256469726562,531.825750889051,518.5176108745642,531.236692379076,19619200
2025-08-14,521.6224975585938,525.0868343553949,519.2863720398742,521.7023833261101,20269100
2025-08-15,519.3162841796875,525.2365445998882,518.2281072023833,521.9120536418995,25213300
2025-08-18,516.2512817382812,521.9619254356152,513.176380682391,520.7339636806648,23760600
2025-08-19,508.933349609375,514.314487646487,507.7153506663982,514.1547770514178,21481000
2025-08-20,504.8900146484375,510.161347905157,503.6121166003689,509.0331975839143,27723000
2025-08-21,504.239990234375,507.6300048828125,502.7200012207031,503.69000244140625,18443300
2025-08-22,507.2300109863281,510.7300109863281,502.4100036621094,504.25,24324200
2025-08-25,504.260009765625,508.19000244140625,504.1199951171875,506.6300048828125,21638600
2025-08-26,502.0400085449219,504.9800109863281,498.510009765625,504.3599853515625,30835700
2025-08-27,506.739990234375,507.2900085449219,499.8999938964844,502.0,17277900
2025-08-28,509.6400146484375,511.0899963378906,505.5,507.0899963378906,18015600
2025-08-29,506.69000244140625,509.6000061035156,504.489990234375,508.6600036621094,20961600
2025-09-02,505.1199951171875,506.0,496.80999755859375,500.4700012207031,18128000
2025-09-03,505.3500061035156,507.7900085449219,502.32000732421875,503.7900085449219,16345100
2025-09-04,507.9700012207031,508.1499938964844,503.1499938964844,504.29998779296875,15509500
2025-09-05,495.0,511.9700012207031,492.3699951171875,509.07000732421875,31994800
2025-09-08,498.20001220703125,501.20001220703125,495.0299987792969,498.1099853515625,16771000
2025-09-09,498.4100036621094,502.25,497.70001220703125,501.42999267578125,14410500
2025-09-10,500.3699951171875,503.2300109863281,496.7200012207031,502.9800109863281,21611800
2025-09-11,501.010009765625,503.1700134277344,497.8800048828125,502.25,18881600
2025-09-12,509.8999938964844,512.5499877929688,503.8500061035156,506.6499938964844,23624900
2025-09-15,515.3599853515625,515.469970703125,507.0,508.7900085449219,17143800
2025-09-16,509.0400085449219,517.22998046875,508.6000061035156,516.8800048828125,19711900
2025-09-17,510.0199890136719,511.2900085449219,505.92999267578125,510.6199951171875,15816600
2025-09-18,508.45001220703125,513.0700073242188,507.6600036621094,511.489990234375,18913700
2025-09-19,517.9299926757812,519.2999877929688,510.30999755859375,510.55999755859375,52474100
2025-09-22,514.4500122070312,517.739990234375,512.5399780273438,515.5900268554688,20009300
2025-09-23,509.2300109863281,514.5900268554688,507.30999755859375,513.7999877929688,19799600
2025-09-24,510.1499938964844,512.47998046875,506.9200134277344,510.3800048828125,13533700
2025-09-25,507.0299987792969,510.010009765625,505.0400085449219,508.29998779296875,15786500
2025-09-26,511.4599914550781,513.9400024414062,506.6199951171875,510.05999755859375,16213100
2025-09-29,514.5999755859375,516.8499755859375,508.8800048828125,511.5,17617800
2025-09-30,517.9500122070312,518.1599731445312,509.6600036621094,513.239990234375,19728200
2025-10-01,519.7100219726562,520.510009765625,511.69000244140625,514.7999877929688,22632300
2025-10-02,515.739990234375,521.5999755859375,510.67999267578125,517.6400146484375,21222900
2025-10-03,517.3499755859375,520.489990234375,515.0,517.0999755859375,15112300
2025-10-06,528.5700073242188,531.030029296875,518.2000122070312,518.6099853515625,21388600
2025-10-07,523.97998046875,529.7999877929688,521.4400024414062,528.2899780273438,14615200
2025-10-08,524.8499755859375,526.9500122070312,523.0900268554688,523.280029296875,13363400
2025-10-09,522.4000244140625,524.3300170898438,517.4000244140625,522.3400268554688,18343600
2025-10-10,510.9599914550781,523.5800170898438,509.6300048828125,519.6400146484375,24133800
2025-10-13,514.0499877929688,516.4099731445312,511.67999267578125,516.4099731445312,14284200
2025-10-14,513.5700073242188,515.280029296875,506.0,510.2300109863281,14684300
2025-10-15,513.4299926757812,517.1900024414062,510.0,514.9600219726562,14694700
2025-10-16,511.6099853515625,516.8499755859375,508.1300048828125,512.5800170898438,15559600
2025-10-17,513.5800170898438,515.47998046875,507.30999755859375,509.0400085449219,19867800
2025-10-20,516.7899780273438,518.7000122070312,513.4299926757812,514.6099853515625,14665600
2025-10-21,517.6599731445312,518.6900024414062,513.0399780273438,517.5,15586200
2025-10-22,520.5399780273438,525.22998046875,517.7100219726562,521.1500244140625,18962700
2025-10-23,520.5599975585938,523.9500122070312,518.6099853515625,522.4600219726562,14023500
2025-10-24,523.6099853515625,525.3499755859375,520.7100219726562,522.7899780273438,15532400
2025-10-27,531.52001953125,534.5800170898438,529.010009765625,531.780029296875,18734700
2025-10-28,542.0700073242188,553.719970703125,540.77001953125,550.0,29986700
2025-10-29,541.5499877929688,546.27001953125,536.72998046875,544.9400024414062,36023000
2025-10-30,525.760009765625,534.969970703125,522.1199951171875,530.47998046875,41023100
2025-10-31,517.8099975585938,529.3200073242188,515.0999755859375,528.8800048828125,34006400
2025-11-03,517.030029296875,524.9600219726562,514.5900268554688,519.8099975585938,22343400
