Price,Close,High,Low,Open,Volume
Ticker,AAPL,AAPL,AAPL,AAPL,AAPL
Date,,,,,
2022-01-03,178.44314575195312,179.2961065398854,174.22742479359925,174.34506836720536,104487900
2022-01-04,176.1783905029297,179.35490114678188,175.60975505040156,179.05097865451486,99310400
2022-01-05,171.49208068847656,176.639196130045,171.21756906170717,176.09017287650624,94537600
2022-01-06,168.6293182373047,171.86465117218228,168.27637255423144,169.31559735445745,96904000
2022-01-07,168.7959442138672,170.727338880113,167.67828564718639,169.50183540964022,86709100
2022-01-10,168.81558227539062,169.1195047889858,164.87435832287932,165.76652857616685,106765600
2022-01-11,171.64892578125,171.74695708640064,167.47241519588906,168.9430194109857,76138300
2022-01-12,172.09010314941406,173.70776179361494,171.39402553539196,172.6685372139698,74805200
2022-01-13,168.81558227539062,173.15876005827155,168.42341212900857,172.3352251905114,84505800
2022-01-14,169.6783447265625,170.37442243944997,167.73713612609606,167.9822368621362,80440800
2022-01-18,166.47244262695312,169.1587374378629,166.0900860318357,168.1489234825589,90956700
2022-01-19,162.9723358154297,167.72729487050043,162.6880256161482,166.6684581646365,94815000
2022-01-20,161.28607177734375,166.3547528521012,160.9625370330281,163.70766807832655,91420500
2022-01-21,159.2272491455078,163.070426973366,159.1194042209609,161.19785371976124,122848900
2022-01-24,158.45274353027344,159.1194254143862,151.6683559036137,156.88410755310724,162294600
2022-01-25,156.6487579345703,159.5703540851256,153.94285159644792,155.86443270388338,115798400
2022-01-26,156.56056213378906,161.1684533792907,154.727213256224,160.29589528165266,108275300
2022-01-27,156.09976196289062,160.6292188937634,155.17818077822113,159.26645936487785,121954600
2022-01-28,166.9920196533203,167.01163189910224,159.6095873711376,162.4625632621154,179935700
2022-01-31,171.3548126220703,171.57050245050323,166.18808530239932,166.8253561445004,115541600
2022-02-01,171.18814086914062,171.41362933410613,168.93321134020488,170.59989317993646,86213900
2022-02-02,172.39405822753906,172.4332827246188,169.93325210735014,171.32542255843316,84914300
2022-02-03,169.51165771484375,172.78621481447524,168.74694463929947,171.0606961129302,89418100
2022-02-04,169.2270050048828,170.90563668740813,167.54837332235746,168.53002542285074,82465400
2022-02-07,168.5103759765625,170.75835233330088,167.8133965069876,169.68835531132382,77251200
2022-02-08,171.62222290039062,172.1326861402394,168.28459707531294,168.57909567441112,74829200
2022-02-09,173.04559326171875,173.40879966630814,171.6909088658484,172.81981752201338,71285000
2022-02-10,168.96192932128906,172.26028048182204,168.40239549718422,170.94487045999796,90865900
2022-02-11,165.54579162597656,169.90432887481495,164.95679443820137,169.16808987950634,98670700
2022-02-14,165.78140258789062,166.46855602542965,163.50396264767951,164.2990984096048,86185500
2022-02-15,169.61965942382812,169.77672735442647,167.1262696855739,167.83306039444423,62527400
2022-02-16,169.38404846191406,170.1595469185717,166.92991856527323,168.69689508661867,61177400
2022-02-17,165.78140258789062,168.75580709374077,165.37892165346722,167.89194849865083,69589300
2022-02-18,164.2303924560547,167.4109355405672,163.1407580714809,166.70415983864797,82772700
2022-02-22,161.3050537109375,163.6315640117695,159.17485582320555,161.95293260639133,91162800
2022-02-23,157.13302612304688,163.10145646710572,156.8188903266126,162.50264821161971,90009200
2022-02-24,159.7540283203125,159.8620106235458,149.21108200225234,149.7804418757718,141147500
2022-02-25,161.82533264160156,162.090367887761,157.91834703084373,160.83385456915977,91974200
2022-02-28,162.0903778076172,162.38487641130448,159.44973145996255,160.06817702982372,95056600
2022-03-01,160.20562744140625,163.54325372947446,158.9981994943142,161.67810566233612,83474400
2022-03-02,163.50393676757812,164.28926127709886,159.9601728375973,161.3737539589708,79724800
2022-03-03,163.1799774169922,165.81081207668467,162.5124613709738,165.37888288040546,76678400
2022-03-04,160.17616271972656,162.512499384929,159.12580281837,161.47195061166718,83737200
2022-03-07,156.37718200683594,161.9922331985085,156.12194287523664,160.3626871229987,96418800
2022-03-08,154.55128479003906,159.89147377341504,152.94137619759366,155.90596926887457,131148300
2022-03-09,159.96017456054688,160.4117410265014,156.4851334154229,158.51714506516998,91454900
2022-03-10,155.61146545410156,157.4471497383223,153.11806120676204,157.26063347822767,105342000
2022-03-11,151.8909912109375,156.357510261072,151.66521547258807,156.0139261115159,96970100
2022-03-14,147.8563995361328,151.29218107346347,147.3459513496218,148.67117238387235,108732100
2022-03-15,152.24441528320312,152.7156190595178,147.6208424416319,148.1312907310734,92964300
2022-03-16,156.6618194580078,157.06430032250074,151.6259555145145,154.16843028106842,102300200
2022-03-17,157.67294311523438,158.04597567713608,154.73781315339022,155.6998279417029,75615400
2022-03-18,160.97129821777344,161.46212424049523,156.82872538769567,157.56496442177837,123511700
2022-03-21,162.34556579589844,163.29776915995896,160.01904104036524,160.50986689900193,95811400
2022-03-22,165.7224884033203,166.31147058252574,161.88422570672876,162.4732078859342,81532000
2022-03-23,167.0870361328125,169.47244391147075,164.57399378955256,164.90776693859837,98062700
2022-03-24,170.8761749267578,170.94488277941835,167.08699751675573,167.9213927494687,90131400
2022-03-25,171.5142364501953,172.06395916657084,169.580380836561,170.68965237563202,80546200
2022-03-28,172.37808227539062,172.50568683875068,168.84412938966062,169.01100841776184,90371900
2022-03-29,175.67648315429688,175.725553780917,173.10454422150926,173.4481284807928,100589400
2022-03-30,174.50830078125,176.31453707900522,173.45792582774143,175.2739882330989,92633200
2022-03-31,171.40625,174.76349791877144,171.200096496919,174.57698164903633,103049300
2022-04-01,171.11175537109375,171.67130419323556,168.78524495629924,170.83689401317795,78751300
2022-04-04,175.16600036621094,175.21508596620356,171.23939202795495,171.36701159217134,76468400
2022-04-05,171.84800720214844,175.02856526846452,171.21975048299214,174.2432406248137,73401800
2022-04-06,168.6772918701172,170.44426874780456,167.00848619962144,169.1975663148219,89058800
2022-04-07,168.98158264160156,170.17919933632717,166.73360604638012,168.0195678303507,77594700
2022-04-08,166.96917724609375,168.6281714448174,166.09550760626425,168.6281714448174,76575500
2022-04-11,162.70880126953125,165.92861828036033,162.46338829627405,165.61449746357707,72246700
2022-04-12,164.58380126953125,166.7532441092378,163.58251189337741,164.93719663883124,79265200
2022-04-13,167.27349853515625,167.90175523000033,163.71011188136575,164.31873134170252,70618900
2022-04-14,162.25723266601562,168.1275216935812,162.01181969599824,167.4894389842446,75329400
2022-04-18,162.0413055419922,163.54323192882495,160.56882751734665,160.91239673580466,69023900
2022-04-19,164.32855224609375,164.7408593011716,160.9025960723887,161.9922304806441,67723800
2022-04-20,164.16163635253906,165.7813709088185,163.0523799363438,165.66356250002266,67929800
2022-04-21,163.36651611328125,168.38275818896258,162.865879009956,165.81083486701775,87227800
2022-04-22,158.8214874267578,164.78993402071836,158.5368149070802,163.40581593701359,84882400
2022-04-25,159.89146423339844,160.1761366901005,155.5525646879934,158.1637473249091,96046400
2022-04-26,153.9230499267578,159.36139588708184,153.84451596249764,159.27305079434743,95623200
2022-04-27,153.69725036621094,156.85815581050312,152.52908216912786,153.0493564954022,88063200
2022-04-28,160.63755798339844,161.5014166726903,156.01396974444066,156.32810562375522,130216800
2022-04-29,154.75743103027344,163.15055858383272,154.36477622377623,158.87055528620192,131747600
2022-05-02,155.06175231933594,155.326787567421,150.45780216717014,153.83468735250372,123055300
2022-05-03,156.5538787841797,157.76132169874938,153.45186941180674,155.24827964309745,88966500
2022-05-04,162.97386169433594,163.42541320530594,156.33788489489382,156.74036579119067,108256500
2022-05-05,153.8936004638672,161.06947475751667,152.10698649205247,160.84369897364428,130525300
2022-05-06,154.6210479736328,156.74453495515866,151.5734500834341,153.3725141927135,116124600
2022-05-09,149.4893341064453,153.19560424531912,148.92897809122042,152.3108102727315,131577900
2022-05-10,151.89788818359375,154.09019917635914,150.3445974581009,152.89082298326753,115366700
2022-05-11,144.02328491210938,152.82197406186495,143.3449475864527,150.9049435768518,142689800
2022-05-12,140.14991760253906,143.7283801675573,136.45348852465227,140.3563740008872,182602000
2022-05-13,144.62301635742188,145.59628520412005,140.6906387962122,142.1456142936274,113990900
2022-05-16,143.07949829101562,145.02603526781456,141.74248981237693,143.08933883182712,86643800
2022-05-17,146.71697998046875,147.23801869280874,144.20024629343533,146.34339939395076,78336300
2022-05-18,138.43934631347656,144.86877642522347,137.5348863581385,144.36740373329286,109742900
2022-05-19,135.0279998779297,139.26513365262397,134.29067919785544,137.51522710531395,136095600
2022-05-20,135.26393127441406,138.3213549245238,130.36812621760984,136.73857261689477,137426100
2022-05-23,140.69064331054688,140.83810147349175,135.32294116689727,135.46057378592263,117726300
2022-05-24,137.98712158203125,139.5699040628069,135.0083469444269,138.42951103300464,104132700
2022-05-25,138.14439392089844,139.39291268865855,136.00124087715074,136.08971575030043,92482700
2022-05-26,141.34930419921875,141.89983463413682,134.82155832650707,135.0673319135833,90601500
2022-05-27,147.11024475097656,147.1495619264336,142.80428649817537,142.93209356986327,90978500
2022-05-31,146.3237762451172,148.11301536783856,144.3575873194881,146.5498987721629,103718400
2022-06-01,146.19595336914062,149.17472776391935,145.18335248498283,147.36582293275725,74286600
2022-06-02,148.65370178222656,148.712685042506,144.37723540201858,145.33083811208033,72348100
2022-06-03,142.92227172851562,145.4684826787646,142.0178266612746,144.41656444787193,88570300
2022-06-06,143.6693572998047,146.05828353253514,142.4503153332305,144.54431036427738,71598400
2022-06-07,146.19595336914062,146.48104410293644,141.66388825021798,141.9096618141491,67808200
2022-06-08,145.45863342285156,147.33633206027957,144.9670862924701,146.06814706425965,53950200
2022-06-09,140.2285919189453,145.44882105467732,140.12045092928022,144.59353368240036,69473000
2022-06-10,134.81173706054688,138.38035945755297,134.74291325358388,137.90847835562724,91437900
2022-06-13,129.65048217773438,132.91434748083088,129.2179182819536,130.6237359424125,122207100
2022-06-14,130.51556396484375,131.62646506958663,129.25720474921692,130.87931897306603,84784300
2022-06-15,133.1404571533203,135.01817091312645,129.9257495131237,132.01973022353556,91533000
2022-06-16,127.86124420166016,130.1518557555823,126.85848380018383,129.84709891808183,108123900
2022-06-17,129.3358917236328,130.8301993524765,127.61547659200777,127.87109072638007,134520300
2022-06-21,133.57301330566406,134.74289788395257,131.06613492456364,131.16443535080262,81000500
2022-06-22,133.0618133544922,135.4310591073431,131.64615522779903,132.5112679712454,73409200
2022-06-23,135.93246459960938,136.24704700188127,133.33709602733944,134.5069807437755,72433800
2022-06-24,139.26512145996094,139.51089499846822,137.407074108879,137.53486614834085,89116800
2022-06-27,139.26512145996094,141.06418556193336,138.58678409354863,140.28753277978763,70207900
2022-06-28,135.11648559570312,140.99538542275212,134.99851907769516,139.72720035167993,67083400
2022-06-29,136.876220703125,138.29187895229046,134.35950159386607,135.1361545226192,66242400
2022-06-30,134.4086456298828,136.03074512479165,131.50852062340732,134.92968437677243,98964500
2022-07-01,136.581298828125,136.6894398129789,133.36659091632603,133.7401565905966,71051600
2022-07-05,139.1668243408203,139.2159820551499,134.6150930089742,135.44090360755794,73353800
2022-07-06,140.50384521484375,141.68355545577728,138.69495517869038,138.96039485817002,74064300
2022-07-07,143.87586975097656,144.07248562850194,140.857762778016,140.8675883216018,66253700
2022-07-08,144.55419921875,145.05558698146706,142.54869317037367,142.80429232334566,64547800
2022-07-11,142.42086791992188,144.1609490492264,141.34929872199137,143.20734636825597,63141600
2022-07-12,143.39413452148438,145.94034514627222,142.597830542374,143.2958190916168,77588800
2022-07-13,143.0303955078125,143.97415763799123,139.7173575069719,140.57265975093034,71185600
2022-07-14,145.96002197265625,146.43190306892052,140.82826817318988,141.64423829848138,78140700
2022-07-15,147.63125610351562,148.30959351033036,145.6945593046606,147.24784996064128,76259900
2022-07-18,144.5836944580078,149.00761906982018,144.219939344917,148.1916489524308,81420900
2022-07-19,148.44725036621094,148.67335787183444,144.42639797966964,145.41931789638997,82982400
2022-07-20,150.45272827148438,151.12124012126654,147.8278685836861,148.56518922635394,64823400
2022-07-21,152.7237091064453,152.93999105761137,149.37135386420036,151.8880729314102,65086600
2022-07-22,151.48501586914062,153.637995053217,150.81651886265266,152.76304161776633,66675400
2022-07-25,150.36428833007812,152.41895206482627,149.70561686969222,151.40636601369852,53623900
2022-07-26,149.03712463378906,150.5019257638896,148.25064607355188,149.6859555702162,55138700
2022-07-27,154.13934326171875,154.67022256546406,149.5876270137746,150.0005248051165,78620700
2022-07-28,154.6898956298828,154.97498637932796,151.7995959592648,154.3261405347344,81378700
2022-07-29,159.7626495361328,160.86372535437394,156.8035410889223,158.51413057382698,101786900
2022-08-01,158.77952575683594,160.8243633244221,158.17001220333,158.28797869734385,67829400
2022-08-02,157.304931640625,159.66436723257505,156.9313659642097,157.39342153843546,59907000
2022-08-03,163.3214569091797,163.77367187577843,158.0324049028353,158.12087978749662,82507500
2022-08-04,163.00686645507812,164.3635414140804,161.65019149607585,163.20348231849744,55474100
2022-08-05,162.78045654296875,163.27268651132164,160.46696968304354,160.673712879285,56697000
2022-08-08,162.30792236328125,165.20223729104265,161.6483359375558,163.7846124266968,60276900
2022-08-09,162.35708618164062,163.24310889331508,160.71304034336163,161.47107849162856,63135500
2022-08-10,166.6099853515625,166.7084223205678,164.30633795620102,165.07421541409994,70170500
2022-08-11,165.8716583251953,168.3328081399825,165.5763173430876,167.41725259761515,57149200
2022-08-12,169.42555236816406,169.4944567489093,166.76749865896252,167.18098503009688,68039400
2022-08-15,170.4986114501953,170.69550042466776,168.6872088503834,168.85456522976827,54091700
2022-08-16,170.341064453125,171.01050487518168,168.99235944125613,170.09494952268685,56377100
2022-08-17,171.8374786376953,173.4126054655057,169.88825224075944,170.0851412165275,79542000
2022-08-18,171.4436798095703,172.18202470973497,170.42968734841074,171.049901871482,62290100
2022-08-19,168.8545684814453,171.04007069000778,168.64782529018512,170.34109754225454,70346300
2022-08-22,164.96592712402344,167.22033333660877,164.54260162126909,167.052976982108,69026800
2022-08-23,164.63119506835938,166.08820627220155,164.0602066271234,164.48353211875664,54147100
2022-08-24,164.9265594482422,165.4975479706951,163.6664520268514,164.7198312893935,53841500
2022-08-25,167.38771057128906,167.49600175790545,165.73382519932846,166.15713573322356,51218200
2022-08-26,161.0773162841797,168.3918608006587,161.01825109648692,167.91932427745144,78961000
2022-08-29,158.8721466064453,160.36851486839709,157.33639153558275,158.645710009374,73314000
2022-08-30,156.44053649902344,160.03380935929164,155.26902673828752,159.6104987851323,77906200
2022-08-31,154.77679443359375,158.0845804641707,154.69803583504827,157.81877207178803,87991100
2022-09-01,155.5052947998047,155.95813794862076,152.2664132669702,154.20580050146393,74229900
2022-09-02,153.38868713378906,157.86798246463846,152.56174446332417,157.26746135406307,76957800
2022-09-06,152.1285858154297,154.64880073393257,151.30164311185825,154.03844040820118,73714800
2022-09-07,153.53636169433594,154.2353197614945,151.22287508520006,152.41407808901712,87449600
2022-09-08,152.05966186523438,153.93012940950055,150.30730966413597,152.23685741248187,84923800
2022-09-09,154.9244384765625,155.36745741692656,152.34515853161906,153.05397081020374,68028800
2022-09-12,160.8902587890625,161.70736223015916,156.82445000741808,157.10993674145692,104956000
2022-09-13,151.44931030273438,158.0451887543499,150.98661293916587,157.41513500718563,122656600
2022-09-14,152.89646911621094,154.65866080063967,151.22289024182777,152.38454574724284,87965400
2022-09-15,150.0021514892578,152.82756164210238,149.0275457934619,152.24671887947383,90481100
2022-09-16,148.35809326171875,148.99800116372188,146.06430005699622,148.86017738849526,162278800
2022-09-19,152.07936096191406,152.15811955641868,146.78297692105565,146.98970508767258,81474200
2022-09-20,154.46176147460938,155.62343203686572,150.70113224453698,151.01615161997927,107689800
2022-09-21,151.3311767578125,156.2731696529989,151.21304637695786,154.89491678247586,101696800
2022-09-22,150.3664093017578,152.06952070873675,148.5648458969192,150.01200313979504,86652500
2022-09-23,148.09226989746094,149.1161164282667,146.25133501023848,148.84046890574132,96029900
2022-09-26,148.427001953125,151.38038122778957,147.31455761940225,147.33425102063256,93339400
2022-09-27,149.40162658691406,152.315634453065,147.619756600354,150.3664080888261,84442700
2022-09-28,147.51144409179688,148.29901488949315,142.58914538327457,145.34563566437978,146691400
2022-09-29,140.2658233642578,144.43993818318944,138.49379277972724,143.82957793472042,128138200
2022-09-30,136.05235290527344,140.8762153477741,135.85546393289223,139.0844911492741,124925300
2022-10-03,140.236328125,140.84670355770672,135.5503037948178,136.06222721595856,114311700
2022-10-04,143.82958984375,143.9477202186119,142.01817230643195,142.77621059568105,87830100
2022-10-05,144.12489318847656,145.08967450416395,140.7875754267863,141.83111532059078,79471000
2022-10-06,143.16998291015625,145.24719370943012,142.96325476225735,143.54408244476417,68402200
2022-10-07,137.9129638671875,140.87619735207727,137.28291022305208,140.32488726950297,85925600
2022-10-10,138.23785400390625,139.68501122355408,136.41661224606074,138.23785400390625,74899000
2022-10-11,136.8202362060547,139.15341644364526,136.0720520706598,137.72593753469053,77033700
2022-10-12,136.190185546875,138.1787988471096,136.0129899667056,136.96791731761857,70433700
2022-10-13,140.76792907714844,141.35859601492572,132.28187436958524,132.89224973345455,113224000
2022-10-14,136.22958374023438,142.2741677227646,136.04253393109235,142.06742450695816,88598000
2022-10-17,140.19691467285156,140.6792903298468,138.090171437718,138.8777422312096,85250900
2022-10-18,141.51608276367188,144.42023589257636,138.4248798871267,143.22904806022734,99136600
2022-10-19,141.62440490722656,142.69746261645687,139.30107889163025,139.488128680181,61758300
2022-10-20,141.16171264648438,143.62286253921314,140.4332068704366,140.7974672692939,64522000
2022-10-21,144.98141479492188,145.5524033439164,140.43319980718348,140.6497821885837,86548600
2022-10-24,147.12750244140625,147.89537982279583,143.73111940500422,144.90262887759332,75981900
2022-10-25,149.9726104736328,150.12028846465364,147.03892431633474,147.7575758033074,74732300
2022-10-26,147.02906799316406,149.62804110263616,145.73941311718505,148.61404877344168,88194300
2022-10-27,142.5498046875,146.73375950209572,141.89021831932845,145.76899295091448,109180200
2022-10-28,153.3197784423828,155.05242232533004,145.52285843662315,145.89694295512044,164762400
2022-10-31,150.95706176757812,151.84308459846838,149.55913065750443,150.7798662143987,97943200
2022-11-01,148.30886840820312,153.0342786292701,146.81250027183614,152.67003329657965,80379300
2022-11-02,142.77622985839844,149.80527352264477,142.74669726069857,146.63531118174276,93604600
2022-11-03,136.72177124023438,140.5808515547038,136.59378666921566,139.85234595133585,97918500
2022-11-04,136.45555114746094,140.68588340372804,132.51117923439392,140.11394767074316,140814800
2022-11-07,136.98802185058594,137.21481900121177,133.7832199726521,135.2031961352515,83374600
2022-11-08,137.55996704101562,139.46311921929427,135.57792562085092,138.457315240062,89908500
2022-11-09,132.99436950683594,136.62319988243638,132.71826464687123,136.57389221888846,74917800
2022-11-10,144.82745361328125,144.82745361328125,137.55995404597397,139.27576104009148,118854000
2022-11-11,147.6181182861328,147.92380470701315,142.36224081918826,143.79208769866335,93979700
2022-11-14,146.2178497314453,148.19003547375948,145.37966477232854,146.898256219997,73374100
2022-11-15,147.95338439941406,151.45401749484597,146.49397099909157,150.10307492440734,89868300
2022-11-16,146.7207794189453,147.78576172673738,145.241639832554,147.05606249393267,64218300
2022-11-17,148.62393188476562,149.3733571163338,144.11747984279026,144.39358466739876,80389400
2022-11-18,149.1859893798828,150.57638399086812,147.88435456599078,150.1918083587428,74829600
2022-11-21,145.9516143798828,148.27879437989566,145.66565404043791,148.07172328326632,58724100
2022-11-22,148.0914306640625,148.32809838668408,144.8866286056601,146.06995217218372,51804100
2022-11-23,148.96908569335938,149.71851100166924,147.2631338671993,147.3716047055876,58301400
2022-11-25,146.05023193359375,146.80952774156987,145.0739944661959,146.24744752036312,35195900
2022-11-28,142.21435546875,144.60069908904606,141.38604083292904,143.12155936225687,69246000
2022-11-29,139.2067413330078,142.79611910491008,138.39815293017466,142.28334655275705,83763800
2022-11-30,145.9713134765625,146.65171990434524,138.59534367211867,139.4335135097931,111380900
2022-12-01,146.2474822998047,147.0560859584152,144.57112684373,146.14888200626405,71250400
2022-12-02,145.75439453125,145.94175459663157,143.62443017730817,143.93013162674256,65447400
2022-12-05,144.59083557128906,148.82116833526126,143.74279490633833,145.71498109956457,68826400
2022-12-06,140.92254638671875,145.25149381357704,139.94630895435972,145.02469664926164,64727200
2022-12-07,138.97994995117188,141.37614872094412,138.05302012289312,140.21256620226913,69721100
2022-12-08,140.66616821289062,141.52407940202735,139.1377360156072,140.380207847569,62128300
2022-12-09,140.18299865722656,143.54557973820909,138.94051172185388,140.36048819280174,76097000
2022-12-12,142.48057556152344,142.4904310742392,139.09826892356506,140.71546075742316,70462700
2022-12-13,143.44692993164062,147.88434781351052,142.23403992363941,147.42088296434414,93886200
2022-12-14,141.2183837890625,144.6204015969479,139.19689014923398,143.32862218685506,82291200
2022-12-15,134.6016845703125,139.827980094081,134.1382196907759,139.14757356682156,98931900
2022-12-16,132.63937377929688,135.73570542541242,131.87022238639204,134.7890645018001,160156900
2022-12-19,130.5291290283203,133.31977409731115,129.49374338835526,133.23102933615738,79592600
2022-12-20,130.46009826660156,131.39688354522443,128.0836106828586,129.56275008486864,77432800
2022-12-21,133.56631469726562,134.90740198854184,130.90386619083728,131.1306634032082,85928000
2022-12-22,130.39108276367188,132.68868142818795,128.48793035610765,132.48161030905115,77852100
2022-12-23,130.02621459960938,130.57842423400893,127.83708708710822,129.09928483618836,63814900
2022-12-27,128.22164916992188,129.58246208692498,126.9298699732108,129.55288050582337,69007800
2022-12-28,124.28715515136719,129.20775681904706,124.1195211570346,127.86666981780208,85438400
2022-12-29,127.80752563476562,128.66542180572807,125.95367333920198,126.2100521251047,75703700
2022-12-30,128.12306213378906,128.14278820773606,125.6578370442106,126.62421153870504,77034200
2023-01-03,123.33065032958984,129.07956676089162,122.44316513126005,128.4681939201586,112117500
2023-01-04,124.60270690917969,126.87072372434358,123.34050912530462,125.1253349737568,89113600
2023-01-05,123.28133392333984,125.99308946159266,123.02495518012978,125.36199059273537,80962700
2023-01-06,127.81739044189453,128.478071052768,123.1531740133353,124.25760105969064,87754700
2023-01-09,128.33998107910156,131.55465346679887,128.08360234953716,128.65553802002677,70790800
2023-01-10,128.91192626953125,129.43455432577363,126.33822308555574,128.44846138243565,63896200
2023-01-11,131.633544921875,131.6532559460779,128.64568467754964,129.4246914378982,69458900
2023-01-12,131.5546417236328,132.3928115608032,129.61203773839415,132.0181065351313,71379600
2023-01-13,132.8858642578125,133.04364272167805,129.82898551497536,130.1938350469048,57809700
2023-01-17,134.04949951171875,135.38071617959397,132.26467339365607,132.95493555995287,63646600
2023-01-18,133.32962036132812,136.68233001992917,133.15211582478094,134.91723044564642,69672800
2023-01-19,133.3887939453125,134.35516079708475,131.90965456039046,132.21534095915428,58280400
2023-01-20,135.95263671875,136.10055969629155,132.3534032973474,133.3986594670003,80223600
2023-01-23,139.14759826660156,141.32687064316994,135.98223278773898,136.19917447397063,81760300
2023-01-24,140.54782104492188,141.16906439218428,138.34883807200805,138.35869358432294,66435100
2023-01-25,139.8871612548828,140.44922647148869,136.87957443059517,138.93064978868992,65799300
2023-01-26,141.9579620361328,142.2439224000094,139.92659771489312,141.178940100887,54105100
2023-01-27,143.9005584716797,145.182482507532,141.09020217222798,141.16909142560513,70555800
2023-01-30,141.0113067626953,143.52584706043817,140.863398823187,142.9440557695909,64015300
2023-01-31,142.28335571289062,142.3326633733732,140.30131415280843,140.71547141700836,65874500
2023-02-01,143.40750122070312,144.57109881294525,139.35467333783802,141.967813832125,77663600
2023-02-02,148.72254943847656,149.07752846410273,146.10939403157928,146.82923768896234,118339000
2023-02-03,152.3513641357422,155.19131670929613,145.774125819744,145.97134140477755,154357300
2023-02-06,149.619873046875,150.97083056548323,148.68308779153134,150.44820252682044,69858300
2023-02-07,152.49928283691406,153.07121860652774,148.54505515759215,148.54505515759215,83322600
2023-02-08,149.80723571777344,152.43024651571073,149.0676660222592,151.73998447588093,64120100
2023-02-09,148.7718505859375,152.1837390894266,148.32811173185976,151.64138491373802,56007100
2023-02-10,149.1372528076172,149.46316214008027,147.3694580195322,147.60648709847575,57450700
2023-02-13,151.9420623779297,152.34696638235076,149.04839042017383,149.0780171748983,62199000
2023-02-14,151.30010986328125,151.86304832604316,148.98913264360064,150.23350151506878,61707600
2023-02-15,153.4036865234375,153.57157647071767,150.98407305919312,151.21121650909475,65573800
2023-02-16,151.8037872314453,154.39129073768956,151.44825113314346,151.6062554560653,68167900
2023-02-17,150.65817260742188,151.10258897284194,148.97925796607987,150.46065589718617,59144100
2023-02-21,146.63864135742188,149.4236767462983,146.56951728902385,148.33731221810694,58867200
2023-02-22,147.0633087158203,148.0904046122651,145.3350111943411,147.02379633351947,51011300
2023-02-23,147.54722595214844,148.47557105445037,145.41402441253163,148.22867140254277,48394200
2023-02-24,144.89060974121094,145.3646528906462,143.91288161778817,145.28564318748033,55469600
2023-02-27,146.08560180664062,147.32010021469048,145.62142919964901,145.87821451304222,44998500
2023-02-28,145.5819091796875,147.2311969873109,145.0091001993268,145.2263730908277,50547000
2023-03-01,143.5079345703125,145.40412186804485,143.2116520085762,145.00908849876785,55479000
2023-03-02,144.10049438476562,144.89057616376812,142.1154118429578,142.5894699520932,52238100
2023-03-03,149.15701293945312,149.236022634522,145.50290119247913,146.20408774818284,70732300
2023-03-06,151.9222869873047,154.36165661510182,151.55688034550414,151.88277460629178,87558000
2023-03-07,149.71994018554688,152.11979733212814,149.25576768015293,151.79388801539042,56182000
2023-03-08,150.9741973876953,151.5667625921133,149.94710144553787,150.91494388116536,47204800
2023-03-09,148.72244262695312,152.6234533766544,148.3669065925505,151.65561114338573,53833600
2023-03-10,146.65838623046875,149.06812912915592,145.77942411442874,148.3471863994858,68572400
2023-03-13,148.6039581298828,151.2408445051467,145.86830586973156,145.97694231528436,84457100
2023-03-14,150.69766235351562,151.49761478500946,148.23855155589501,149.4039106364519,73695900
2023-03-15,151.0926971435547,151.34946732376167,148.06076257128353,149.3150168625453,77167900
2023-03-16,153.91725158691406,154.51968735037045,149.7594547490333,150.27301025301884,76161100
2023-03-17,153.07777404785156,154.7962009363973,152.36670189187112,154.14438228182223,98944600
2023-03-20,155.447998046875,155.8628026785515,152.23830291826783,153.14690680049927,73641400
2023-03-21,157.30470275878906,157.42320976774403,154.59867718770118,155.36901795458434,73938300
2023-03-22,155.87266540527344,160.1292123200188,155.85290921676807,157.32443633451206,75701800
2023-03-23,156.9590301513672,159.54654859691777,155.72453196517867,156.86027933820688,67622100
2023-03-24,158.26268005371094,158.35156031348998,155.89244937558198,156.88991856429575,59196500
2023-03-27,156.31710815429688,158.77623413977568,155.91218910395636,157.9565254779494,52390300
2023-03-28,155.69488525390625,156.5244793815335,154.045597696947,156.0109239824416,45992200
2023-03-29,158.77622985839844,159.05275625859912,157.37384166607825,157.39358278783644,51305700
2023-03-30,160.34649658203125,160.45513302219786,159.27001781009866,159.5267880006936,49501700
2023-03-31,162.85499572753906,162.95376161088404,159.90208569195596,160.42551172065657,68749800
2023-04-03,164.1092529296875,164.22775993608965,162.18343872786127,162.23282167038158,56976200
2023-04-04,163.57595825195312,164.77094409936112,163.06240276891677,164.53393008377392,46278300
2023-04-05,161.72914123535156,163.00315186770885,159.79345641920935,162.69699871298138,51511700
2023-04-06,162.61798095703125,162.9142635361202,159.9909651957649,160.41562533913125,45390100
2023-04-10,160.0205841064453,160.0205841064453,158.09477004106023,159.41814841731897,47716900
2023-04-11,158.80584716796875,160.34649846878187,158.51943515436048,160.33662790848967,47644200
2023-04-12,158.11451721191406,160.05020172687142,157.798478475848,159.22062264903255,50133100
2023-04-13,163.50682067871094,163.74384976611952,159.4181631056541,159.62556544083142,68445600
2023-04-14,163.16119384765625,164.25742904768416,161.78843220704118,162.54887238387545,49386500
2023-04-17,163.180908203125,163.33892759169828,161.99579292794192,163.04264500551295,41516200
2023-04-18,164.4055633544922,165.3339085806636,163.59572515479,164.0401566431714,49923000
2023-04-19,165.55117797851562,166.07460409367388,163.48708520430753,163.7438705155961,47720200
2023-04-20,164.58331298828125,165.78818457608216,163.50683405035483,164.03026014199096,52456400
2023-04-21,162.97349548339844,164.38575399057277,162.4500695263773,163.00312223043315,58337300
2023-04-24,163.27967834472656,163.54633418620037,161.85753394961128,162.95376899838274,41949600
2023-04-25,161.739013671875,164.2475072794641,161.69950129216383,163.1414017604714,48714100
2023-04-26,161.72914123535156,163.23029532612622,160.78105501874768,161.0378252295865,45498800
2023-04-27,166.3214569091797,166.46959064736794,163.1413887265841,163.1413887265841,64902300
2023-04-28,167.5757293701172,167.74363439949644,165.79806388046575,166.40049965137717,55275900
2023-05-01,167.48683166503906,168.33616700655767,166.548616072207,167.18067853080987,52472900
2023-05-02,166.4498748779297,168.2374411469596,165.46227619804043,167.98065584567004,48425700
2023-05-03,165.37339782714844,168.80036649116937,165.08700083730753,167.3979781580158,65136000
2023-05-04,163.7339630126953,164.96846124572582,162.27232132426357,162.84513031273676,81235400
2023-05-05,171.41744995117188,172.1383925150346,168.6422859760612,168.8595588149603,113453200
2023-05-08,171.34835815429688,171.69402369424722,169.9755966946327,170.34100335662225,55962800
2023-05-09,169.6398468017578,171.38788579373352,169.47195681736497,170.90397203564868,45326900
2023-05-10,171.4075927734375,171.87176527271458,169.76817565129102,170.87429621552187,53724500
2023-05-11,171.59524536132812,172.42482451357537,170.03483786854437,171.6940112425966,49514700
2023-05-12,170.66561889648438,172.13916641173466,169.11293731632776,171.70401959715826,45533100
2023-05-15,170.17112731933594,171.29854623618587,169.57774258819362,171.2490949935239,37266700
2023-05-16,170.17112731933594,171.229311478379,169.90410268128184,170.0920083491569,42110300
2023-05-17,170.78431701660156,171.0216588875202,168.5393629149387,169.8151358327416,57951600
2023-05-18,173.11825561523438,173.30616130301183,170.6755118549318,171.09087517456516,65496700
2023-05-19,173.22702026367188,174.44344233699894,173.00944687294344,174.44344233699894,55809500
2023-05-22,172.2776336669922,172.78201528070161,171.5359102025042,172.06006024351018,43570900
2023-05-23,169.66677856445312,171.46670153051892,169.38986966050507,171.2194603598222,50747300
2023-05-24,169.9436798095703,170.51728111058472,168.63825433413288,169.2019563309073,45143500
2023-05-25,171.0809783935547,171.98092464144923,169.7953214946183,170.50737715893996,56058300
2023-05-26,173.4940643310547,173.83032378662378,171.1996741500605,171.40736336995897,54835000
2023-05-30,175.34341430664062,177.01476677794446,174.6214744245607,175.00716998790764,55964400
2023-05-31,175.29397583007812,177.37080753192686,174.80937774220615,175.37309480914308,99625300
2023-06-01,178.10260009765625,178.13226782324443,174.97746888557137,175.73897571993373,68901800
2023-06-02,178.95314025878906,179.77398268262323,177.2817876805341,179.03225923715402,61996900
2023-06-05,177.5982666015625,182.90900173212887,176.07525265044882,180.61461168229852,121946500
2023-06-06,177.23236083984375,178.1323071989488,175.47198988688834,177.98396853821802,64848400
2023-06-07,175.85769653320312,179.21028600208987,175.36321422162453,176.47084977063176,61944600
2023-06-08,178.5773468017578,178.84435638126445,175.50166626223591,175.93679801452896,50214900
2023-06-09,178.96302795410156,180.21900204187077,178.6366678484163,179.4970621604222,48900000
2023-06-12,181.76181030273438,181.86071280602803,178.97293777661235,179.26963019609002,54274900
2023-06-13,181.287109375,182.11783606754224,180.42671494989577,180.7827428310429,54929100
2023-06-14,181.92001342773438,182.35516021423518,180.01131922105634,181.34641221738335,57462900
2023-06-15,183.95730590820312,184.46168752877136,181.75191900244837,181.9299404833556,65433200
2023-06-16,182.87933349609375,184.92649747799743,182.2365125370702,184.66935702206612,101256200
2023-06-20,182.9683380126953,184.0463209118931,182.37496829785866,182.37496829785866,49799100
2023-06-21,181.92991638183594,183.36391189129432,180.575024752965,182.85953033754498,49515700
2023-06-22,184.93638610839844,184.98583735805877,181.6431320743364,181.7123668419414,51245300
2023-06-23,184.61990356445312,185.49019723798705,182.96833449974372,183.5023838322858,53117000
2023-06-26,183.2254638671875,185.97478407089304,183.18589683511047,184.76824612936457,48088700
2023-06-27,185.9846649169922,186.31102501891434,183.62104032161758,183.838613722899,50730800
2023-06-28,187.1615447998047,187.80436573389431,185.5297592960992,185.8561043245189,51216800
2023-06-29,187.4977569580078,187.97247073505395,186.85493613422335,186.99339054659535,46347300
2023-06-30,191.82945251464844,192.33381899614628,189.1493519786864,189.51527911897426,85213200
2023-07-03,190.33612060546875,191.7404484310712,189.6438333602496,191.64154594163958,31458200
2023-07-05,189.2185821533203,190.8503675642152,188.51641070905347,189.45593906907268,46920300
2023-07-06,189.69329833984375,189.90098754652763,187.1121001189567,187.74503686210437,45094300
2023-07-07,188.57574462890625,190.5437894270152,188.140612922507,189.29769958287028,46815000
2023-07-10,186.52862548828125,187.89340155065938,184.9759437256739,187.17144648236777,59922200
2023-07-11,186.00448608398438,187.21102424790124,184.54082252577857,187.07256979091423,46638100
2023-07-12,187.6758270263672,189.5845215693785,186.39016995526782,187.5868087386057,60750200
2023-07-13,188.4373016357422,189.0801376574393,187.6856939986458,188.39774969290625,41342300
2023-07-14,188.58566284179688,189.07024584013215,187.53736277551775,188.13073248396137,41616200
2023-07-17,191.84925842285156,192.17561856911308,189.6933076328095,189.78231082986184,50520200
2023-07-18,191.5921173095703,192.185502135392,190.296576033276,191.21632100425936,48288200
2023-07-19,192.94699096679688,196.04243976648678,190.5240157315845,190.9690618542327,80507300
2023-07-20,190.99871826171875,194.30185606220206,190.37566579926568,192.9370802265051,59581200
2023-07-21,189.82186889648438,192.8184304455329,189.11969738642375,191.95803606721273,71951700
2023-07-24,190.62290954589844,192.75907651192222,190.12842729026707,191.27562974502808,45377800
2023-07-25,191.48330688476562,192.29426504028103,190.7910347339605,191.19651381171818,37283200
2023-07-26,192.35360717773438,193.48102617402893,191.18663623876353,191.53276478098633,47471900
2023-07-27,191.08775329589844,195.02382842734414,190.4251487828704,193.85685736898512,47460200
2023-07-28,193.66891479492188,194.46008939236802,191.99756241904697,192.52171238314497,48291400
2023-07-31,194.28208923339844,194.32165626732748,193.10521896564188,193.8963936498011,38824100
2023-08-01,193.45138549804688,194.55902113270218,193.12502533632087,194.07443808774235,35175100
2023-08-02,190.4547882080078,193.02608689409655,189.73284833699685,192.887632465541,50389300
2023-08-03,189.06036376953125,190.247118290272,188.58566497931545,189.45595867004647,61235200
2023-08-04,179.98165893554688,185.31217710978225,179.9124241755589,183.47270249377223,115956800
2023-08-07,176.87632751464844,181.10909486166798,175.39288059142936,180.1201302461886,97576100
2023-08-08,177.81582641601562,178.28064095471063,175.6203239410226,177.70703971354655,67823000
2023-08-09,176.22360229492188,178.93335560733482,175.05661623443876,178.87402014653773,60378500
2023-08-10,176.00604248046875,178.75536303948698,175.64013038367378,177.4993736907431,54686900
2023-08-11,176.06546020507812,176.88741115774235,174.8374976677621,175.60003302807638,52036700
2023-08-14,177.71925354003906,177.94701832041608,175.5900993670502,176.2437010263368,43675600
2023-08-15,175.728759765625,177.73906787465035,175.3326457472995,177.14489684716207,43622600
2023-08-16,174.85728454589844,176.80816171418965,174.78795629022963,175.4118501481314,46964900
2023-08-17,172.31222534179688,175.78817341312092,171.7972650350441,175.42176719468313,66062900
2023-08-18,172.79747009277344,173.40155375891743,170.29201204567954,170.62871045348956,61172200
2023-08-21,174.1343536376953,174.4215491084137,172.05473264129324,173.37183349440417,46311900
2023-08-22,175.51089477539062,175.95652682942284,174.54040484048784,175.34254555990208,42038900
2023-08-23,179.36312866210938,179.78896551377315,176.60019834939993,176.78835776449938,52722800
2023-08-24,174.66915893554688,179.34337721750424,174.3027375760952,178.9175402621367,54945800
2023-08-25,176.87750244140625,177.41225784961358,174.1145717959043,175.6594375427037,51449600
2023-08-28,178.4421844482422,178.83829845949455,176.81809282485807,178.34314839003864,43820700
2023-08-29,182.3340301513672,183.10646293821267,177.75884901223952,177.9569059889832,53003900
2023-08-30,185.82977294921875,186.02784502078083,182.9480116816315,183.14606864241608,60813900
2023-08-31,186.04766845703125,187.28554353881972,185.66145203594442,186.0179606639307,60794500
2023-09-01,187.6222686767578,188.07779827305947,186.45370666949987,187.65197647170007,45766500
2023-09-05,187.85989379882812,188.1371765705135,185.79017057061324,186.45366971077303,45280000
2023-09-06,181.13580322265625,187.01818850408822,179.70976859554776,186.57254135003106,81755800
2023-09-07,175.8376922607422,176.48139642487362,171.85668142571674,173.48077306769622,112488800
2023-09-08,176.45164489746094,178.49167556913386,176.06542850593996,176.6200091931817,65551300
2023-09-11,177.6201934814453,178.55107781991234,175.6197834207467,178.3233130703228,58953100
2023-09-12,174.58990478515625,178.38275585399316,173.12426491742679,177.7489644157226,90370200
2023-09-13,172.52015686035156,175.5801800069345,172.29237699747546,174.79783460289124,84267900
2023-09-14,174.03536987304688,174.39187856440168,171.89631772491796,172.31224201303482,60895800
2023-09-15,173.31239318847656,174.78794559113751,172.1339489112559,174.76813536061914,109259500
2023-09-18,176.2436981201172,177.64002479353724,174.46115503817452,174.76814563074643,67257600
2023-09-19,177.3330078125,177.8875733308522,175.41182361622486,175.79803996727563,51826900
2023-09-20,173.7877655029297,177.95692035427507,173.69862701203755,177.52118590379774,58436200
2023-09-21,172.24288940429688,174.58991092023126,172.17357625479622,172.85688574257026,63149100
2023-09-22,173.09454345703125,175.36233909077248,172.36173107244514,172.97571228348323,56725400
2023-09-25,174.3720245361328,175.25339092524624,172.46073769252675,172.51025571431984,46172700
2023-09-26,170.2919921875,173.50055447022797,169.99489916963813,173.1242507509963,64588900
2023-09-27,168.77684020996094,171.3615240971404,167.41023633579258,170.94559986493434,66921800
2023-09-28,169.03431701660156,170.36131544966938,165.99408862675534,167.69740591218968,56294400
2023-09-29,169.5492706298828,171.39122924497295,168.68769934956754,170.3514112168,51861100
2023-10-02,172.0646209716797,172.60928898108386,169.27196778388654,169.55916323919894,52164500
2023-10-03,170.7277374267578,171.94581747397606,169.1630765091389,170.589096012129,49594600
2023-10-04,171.97552490234375,172.52019299821677,169.31161512407647,169.43044630471027,53020300
2023-10-05,173.21337890625,173.74813426454526,171.00499899742474,172.10423261632292,48527900
2023-10-06,175.7683563232422,176.26350633418187,171.50015053588783,172.1141468247828,57266700
2023-10-09,177.25379943847656,177.31321501974588,174.09474007424367,175.09493761742715,42390800
2023-10-10,176.6596221923828,177.9767230488949,176.22388776036024,176.3724418317021,43698000
2023-10-11,178.05596923828125,178.10548726772782,175.87731193966172,176.4714829606774,47551100
2023-10-12,178.9571533203125,180.57133234869775,177.3033387116547,178.32336180549302,56743100
2023-10-13,177.1151885986328,180.16529977566205,176.41206884050376,179.6602521369707,51427100
2023-10-16,176.98643493652344,177.3429435766639,174.79786506856496,175.03554253225204,52517000
2023-10-17,175.43165588378906,176.6893412361662,173.1044597256959,174.93650583601004,57549400
2023-10-18,174.1343536376953,175.8574811296678,173.41143884685883,173.87688106979198,54764400
2023-10-19,173.758056640625,176.11496052795673,173.4906713911534,174.33241738277906,59302900
2023-10-20,171.20310974121094,173.71846569346525,170.965432244542,173.60953206300644,64244000
2023-10-23,171.32191467285156,172.32211231863303,168.2816861592976,169.25219112217718,55980100
2023-10-24,171.75765991210938,171.98542471489895,169.78695717971306,171.37144345921354,43816600
2023-10-25,169.44033813476562,171.38131769667615,168.99469104064445,170.21277093543313,57157000
2023-10-26,165.27117919921875,169.71763198356828,164.06301189675906,168.71741923518283,70625300
2023-10-27,166.58827209472656,167.32109955610002,165.21175565878588,165.29098147440297,58499100
2023-10-30,168.63818359375,169.5096524459554,167.23195938000526,167.38051344932887,51131000
2023-10-31,169.11354064941406,169.24226937820893,166.27136928302133,167.70731641765212,44846000
2023-11-01,172.28250122070312,172.53997379429074,168.46983997695696,169.34130885799144,56934900
2023-11-02,175.84759521484375,176.05554977286621,173.75806140886317,173.8174769968696,77334800
2023-11-03,174.93650817871094,175.10487249469713,171.66852990822986,172.5498964006483,79829200
2023-11-06,177.49147033691406,177.6895273209714,174.50077512285628,174.66912431484397,63841300
2023-11-07,180.0563507080078,180.67033186387974,177.23398970359145,177.4419442386158,70530000
2023-11-08,181.115966796875,181.67053238037917,179.8285737718667,180.5812114444328,49340300
2023-11-09,180.6406707763672,182.33407572821048,180.0464845868326,181.18533893164346,53763500
2023-11-10,184.83509826660156,185.00368436987887,181.98919780050704,182.4255062616545,66133400
2023-11-13,183.24853515625,184.46820459130328,182.66349206706928,184.25997609615754,43627500
2023-11-14,185.86639404296875,186.53076740007103,184.7359652497266,186.12420582715117,60108400
2023-11-15,186.43161010742188,187.90910668353808,186.20354524355434,186.2729648412074,53790500
2023-11-16,188.1173553466797,189.35686136039257,187.0662415372727,187.97853127837138,54412900
2023-11-17,188.09750366210938,188.78171334674664,186.98691120628507,188.65279989002153,50922700
2023-11-20,189.8427276611328,190.29887250675844,188.2859160609316,188.2958266614519,46505100
2023-11-21,189.03953552246094,189.91215257469014,188.14709726863614,189.8030754431615,38134500
2023-11-22,189.7039031982422,191.31029805901488,189.22793715258507,189.88239992204348,39617700
2023-11-24,188.37515258789062,189.2973377280717,187.66119596873028,189.26759079649733,24048300
2023-11-27,188.19664001464844,189.06925694915728,187.3141124806788,188.32555346106983,40552600
2023-11-28,188.801513671875,189.47581268170356,187.80990905147505,188.18672364904648,38415400
2023-11-29,187.78018188476562,190.47734794655034,187.3835460471391,189.2973359031836,43014200
2023-11-30,188.35531616210938,188.7222202024886,186.61009727764167,188.2462390361622,48794400
2023-12-01,189.63450622558594,189.95181189166442,187.64137090627887,188.73214223180454,45704800
2023-12-04,187.8396759033203,188.45448112204545,185.87630278327032,188.38506152852514,43389500
2023-12-05,191.79620361328125,192.76797210608754,188.58339853026055,188.61316059527184,66628400
2023-12-06,190.70542907714844,193.1249319103576,190.4971854261922,192.8175368647406,41089700
2023-12-07,192.63905334472656,193.3629205543118,191.96475426663108,192.0044269286476,47477700
2023-12-08,194.0669708251953,194.34461894265894,192.04408867717459,192.56963798027982,53406400
2023-12-11,191.55819702148438,191.8656072016425,189.81297812056516,191.48879255742054,60943700
2023-12-12,193.0753936767578,193.08530427855237,190.1104896256955,191.45907287355152,52696900
2023-12-13,196.29808044433594,196.33773797632358,193.214189106248,193.45216455954898,70404200
2023-12-14,196.4468231201172,197.9441408874326,194.51319682969313,196.35758232148717,66831600
2023-12-15,195.91134643554688,196.734365015635,195.34612449787411,195.87167377464695,128538400
2023-12-18,194.2454833984375,194.97927647202485,192.75807604734507,194.44380135244515,55751900
2023-12-19,195.28663635253906,195.29654695271066,194.24544836840317,194.51318587990949,40714100
2023-12-20,193.19436645507812,196.0204310779547,193.19436645507812,195.24698053858313,52242800
2023-12-21,193.04559326171875,195.42545358966169,191.875506993429,194.45368523269553,46482500
2023-12-22,191.9746856689453,193.76948784569112,191.349969834571,193.54140785907617,37149600
2023-12-26,191.42930603027344,192.2622504150879,191.21115176796184,191.9846022868164,28919300
2023-12-27,191.52845764160156,191.8755253676685,189.48575421105227,190.87400998463178,48087700
2023-12-28,191.954833984375,193.02576884449476,191.54827243799232,192.51013017909935,34049900
2023-12-29,190.9136505126953,192.76794644853246,190.1203637314106,192.27214410156537,42672100
2024-01-02,184.08151245117188,186.85800888690832,182.34620407017263,185.57883023572913,82488700
2024-01-03,182.7031707763672,184.31949132166326,181.8900476382689,182.6734238450404,58414500
2024-01-04,180.38282775878906,181.552914127362,179.36147605378457,180.62080322049852,71983600
2024-01-05,179.65895080566406,181.22568820887324,178.6574354024576,180.46216340525032,62379700
2024-01-08,184.00216674804688,184.04183940945515,179.9762540642685,180.56129720920066,59144500
2024-01-09,183.585693359375,183.59560395931726,181.19592240352762,182.37593441619447,42841800
2024-01-10,184.62689208984375,184.83512061558696,182.375945055311,182.80234296869347,46792900
2024-01-11,184.03192138671875,185.4796709750172,182.07845882443647,184.97394287034564,49128400
2024-01-12,184.35914611816406,185.17226924419936,183.63527891547233,184.49797017252533,40477800
2024-01-16,182.08836364746094,182.71306427754865,179.4110190331086,180.630703626113,65603000
2024-01-17,181.14633178710938,181.39423295178236,178.78632298828933,179.74818071767538,47317400
2024-01-18,187.04640197753906,187.55211493445296,184.26990575318283,184.52771753168435,78005800
2024-01-19,189.95179748535156,190.33852272040096,187.23481023986653,187.74052319933506,68903000
2024-01-22,192.26223754882812,193.69015075906108,190.64591702187175,190.68558968364889,60133900
2024-01-23,193.54139709472656,194.10661903356933,192.20273983497614,193.38275184285894,42355600
2024-01-24,192.86712646484375,194.73134826169684,192.7084660713482,193.77940103141137,53631300
2024-01-25,192.53988647460938,194.62226243680658,191.48878789336808,193.58107445570798,54822100
2024-01-26,190.8045654296875,193.12491668531047,190.3285994330514,192.63904008919584,44594000
2024-01-29,190.120361328125,190.5864167388377,187.98841731539085,190.39800942846193,47145600
2024-01-30,186.4613494873047,190.18979301004535,185.89614265093053,189.33701232459805,55859400
2024-01-31,182.85189819335938,185.52924295226458,182.80233006356883,185.46973396127981,55467800
2024-02-01,185.29127502441406,185.38051582576702,182.27680306565713,182.44537406733116,64885400
2024-02-02,184.28973388671875,185.75730456104918,177.7451370154647,178.35001646911297,102551700
2024-02-05,186.1043701171875,187.6611968198497,184.27982102914154,186.57042555488334,69668800
2024-02-06,187.71078491210938,187.72069551270494,185.2020260688322,185.291266866256,43490800
2024-02-07,187.81985473632812,189.4460858813363,187.02656792958788,189.03952431241242,53439000
2024-02-08,186.73899841308594,187.94874218828468,185.7771406742971,187.80000754030146,40962000
2024-02-09,187.50350952148438,188.63538073939827,186.65956394365634,187.30492339729363,45155200
2024-02-12,185.8156280517578,187.32479480430874,185.45819421957458,187.0765772861258,41781900
2024-02-13,183.72067260742188,184.88234393093236,182.20158259974826,184.4454786725173,56529500
2024-02-14,182.83702087402344,184.2071864451767,181.13922150541597,183.9986922104331,54630500
2024-02-15,182.54910278320312,183.1746158133602,180.05700420987225,182.24131546677532,65434500
2024-02-16,181.0101318359375,183.53203018346474,180.37469562592958,182.11221816970058,49752500
2024-02-20,180.26548767089844,181.12927978468986,178.7166127841021,180.49384354523508,53665600
2024-02-21,181.0200653076172,181.5859933284812,179.3718974749363,180.64276986037862,41371400
2024-02-22,183.05545043945312,183.64125529629035,181.15908011476066,182.17179668082835,52292200
2024-02-23,181.21864318847656,183.72066477086588,180.9307023940782,183.6908798817894,45119700
2024-02-26,179.8683319091797,181.45691481099774,179.36195851579282,180.94063332165365,40867400
2024-02-27,181.32786560058594,182.60866132395924,178.27974721589908,179.8087756065873,54318900
2024-02-28,180.12649536132812,181.81437153541262,178.84569957246276,181.20872015618278,48953900
2024-02-29,179.4612579345703,181.26828866128915,178.2499552858893,179.97755459220346,136682600
2024-03-01,178.37905883789062,179.2428510400178,176.11531605645658,178.26984251290932,73563100
2024-03-04,173.8515625,175.63871657984365,172.55088992856452,174.89406399657693,81510100
2024-03-05,168.90707397460938,170.8133829451085,168.41063887343782,169.54251029810908,95132400
2024-03-06,167.91416931152344,170.01906401050476,167.47730408815008,169.8403395327639,68587700
2024-03-07,167.79502868652344,169.51268953107953,167.28867044448495,167.9439531253601,71765100
2024-03-08,169.51268005371094,172.46150497776014,167.73544953298423,167.7950193051884,76267000
2024-03-11,171.518310546875,173.13669366515666,170.82330450374639,171.70695829072324,60139500
2024-03-12,171.994873046875,172.7891721100731,169.79070034274764,171.91544162555573,59825400
2024-03-13,169.9098663330078,171.9551763303205,169.54249409126064,171.53817270319811,52488700
2024-03-14,171.76651000976562,173.06716728584055,170.82328653971078,171.67715534575908,72913500
2024-03-15,171.3892364501953,171.3892364501953,169.07584723661714,169.94957779625068,121752700
2024-03-18,172.4813995361328,176.4429567936847,172.2828285408912,174.31821532960825,75604200
2024-03-19,174.82455444335938,175.35077434046616,171.79629786095623,173.09695515946524,55215200
2024-03-20,177.39610290527344,177.39610290527344,173.84162605000233,174.467139074951,53423100
2024-03-21,170.1481475830078,176.22452301821235,169.62192763151074,175.78765774149878,106181300
2024-03-22,171.05166625976562,171.81618050845861,168.8474933401544,170.5353695457136,71160100
2024-03-25,169.63185119628906,170.7140758962492,168.24182406010684,169.3538487990515,54288300
2024-03-26,168.5,170.19779947429063,168.37092203236526,168.787925677805,57388400
2024-03-27,172.07431030273438,172.36225110852925,168.89712909220745,169.19499314475576,60273300
2024-03-28,170.25735473632812,171.00200728609337,169.29426955996547,170.5254338962422,65672700
2024-04-01,168.8177032470703,170.02900599080004,168.2716216576847,169.96943620832081,46240500
2024-04-02,167.63616943359375,168.13260444031488,167.0305181193942,167.87446369081778,49329500
2024-04-03,168.44039916992188,169.46305411699578,167.37803608655156,167.5865303145986,47691700
2024-04-04,167.6163330078125,170.69422114433502,167.6163330078125,169.0758380772312,53704400
2024-04-05,168.3708953857422,169.1751176568126,167.74538244157907,168.38081863168355,42104800
2024-04-08,167.2489471435547,167.99359963764888,167.04045292920483,167.82481355698678,37425500
2024-04-09,168.4602508544922,168.86733118994096,167.14967033425899,167.49716574379335,42373800
2024-04-10,166.583740234375,167.88439761067826,165.91851910107465,167.59647195447172,49709300
2024-04-11,173.79197692871094,174.208995705804,166.9610408919762,167.13975023930564,91070300
2024-04-12,175.2912139892578,177.0883063929916,172.96790166012116,173.0175330436537,101670900
2024-04-15,171.45872497558594,175.37063525095596,171.27007724910962,174.10968609239896,73531800
2024-04-16,168.17234802246094,172.52110890421707,167.0702615685236,170.52544539032877,73711200
2024-04-17,166.8021697998047,169.43326939438703,166.8021697998047,168.4006911997193,50901200
2024-04-18,165.84901428222656,167.4376124969012,165.36251763085394,166.83196113193097,43122900
2024-04-19,163.82354736328125,165.21355928091162,162.91010879598218,165.02492670994252,68149400
2024-04-22,164.6575469970703,166.0674204920171,163.5951840406637,164.33983649468445,48116400
2024-04-23,165.70999145507812,165.85893104014463,163.74411316214608,164.1710551260113,49537800
2024-04-24,167.8148956298828,168.09289802448964,165.02493328758231,165.35256706337344,48251800
2024-04-25,168.67869567871094,169.39356334150216,166.9510963019663,168.3212618473153,50558300
2024-04-26,168.09291076660156,170.11835910227322,167.97375605274175,168.66877724193844,44838400
2024-04-29,172.262939453125,174.77489926024026,171.86579752591055,172.13386150928326,68169400
2024-04-30,169.11557006835938,173.7423484830038,168.78792110938284,172.0941804408779,65934800
2024-05-01,168.09291076660156,171.47860143970507,167.90426302381934,168.37091318228207,50383100
2024-05-02,171.79629516601562,172.1835138606425,169.67155396857694,171.27999852318183,94214900
2024-05-03,182.072509765625,185.66669440285864,181.3576421366733,185.3191838346203,163224100
2024-05-06,180.4144287109375,182.88666551151155,179.1336178251023,181.04986495546194,78569700
2024-05-07,181.09945678710938,183.58163144236028,180.02717066803376,182.1419731723131,77305800
2024-05-08,181.43707275390625,181.76472167822584,180.1562619452029,181.5462890620128,45057100
2024-05-09,183.25404357910156,183.34339825305352,180.81157644111198,181.25836496086742,48983000
2024-05-10,181.9913787841797,184.01957427538,181.07670119634082,183.83067066594327,50759500
2024-05-13,185.20269775390625,186.01796278299403,183.5522942832241,184.36755931231187,72044800
2024-05-14,186.34603881835938,187.21101770983566,185.2126323262415,186.4255779791011,52393600
2024-05-15,188.62278747558594,189.5474016950096,186.2863722374577,186.82325773370704,70400000
2024-05-16,188.7421112060547,189.99483406684226,188.56315946625315,189.36847263644847,52845200
2024-05-17,188.77195739746094,189.7065237080206,188.08594531117583,188.41403870768374,41282900
2024-05-20,189.93515014648438,190.81006568993442,187.91689147556073,188.23504809883084,44361300
2024-05-21,191.2375946044922,191.6153866469515,189.815856788038,189.98487181213304,42309400
2024-05-22,189.7959747314453,191.7048842739564,189.1696284842733,191.15806201805708,34648500
2024-05-23,185.7992401123047,189.89540846653745,185.55068591274116,189.87551988281993,51005900
2024-05-24,188.8813018798828,189.47783802324832,186.95251887628444,187.7280219308774,36327000
2024-05-28,188.89125061035156,191.8838376427625,188.00639828711084,190.40244918609352,52280100
2024-05-29,189.1894989013672,191.13817040866115,188.41401104911338,188.5134387924459,53068000
2024-05-30,190.18373107910156,191.06858345257766,189.52755949973073,189.6567973718936,49889100
2024-05-31,191.13818359375,191.45634025792617,188.81171987650453,190.33287039705309,75158300
2024-06-03,192.90786743164062,193.86232215027837,191.40660565779223,191.7843976924141,50080500
2024-06-04,193.2260284423828,194.19041988861153,191.91365507081835,193.51434462038463,47471400
2024-06-05,194.7372283935547,195.76127042413225,193.74301165159252,194.269945311189,54156800
2024-06-06,193.3552703857422,195.3635924798522,193.04706561878618,194.55827933508485,41181800
2024-06-07,195.7513427734375,195.80105664694403,193.01724660656404,193.52429170702464,53103900
2024-06-10,192.00311279296875,196.15894623968046,191.0387214378687,195.76125048108446,97010200
2024-06-11,205.9519805908203,205.9619324668351,192.51018190883102,192.53005531977516,172373300
2024-06-12,211.83778381347656,218.9265393804105,205.7034527218097,206.1707358379729,198134300
2024-06-13,213.0010223388672,215.49650115847567,210.37629047483145,213.4981307613781,97862700
2024-06-14,211.2611083984375,213.9256018265929,210.07798811856898,212.61324369392398,70122700
2024-06-17,215.4169464111328,217.6837594401996,211.4897931914233,212.13602802573277,93728300
2024-06-18,213.05068969726562,217.36560169939582,211.76815683093403,216.33160783720555,79943300
2024-06-20,208.4673614501953,213.00100258632773,207.64217489543017,212.6927826496957,86172500
2024-06-21,206.29005432128906,210.66460227969185,205.91224707350656,209.17327704334386,241805100
2024-06-24,206.93626403808594,211.46988977828624,205.39522511371305,206.51869484312465,80727000
2024-06-25,207.86090087890625,210.15753911842552,207.40355450398363,207.94042486793816,55549700
2024-06-26,212.0167236328125,213.61741321993355,209.42181728774156,210.2768443064002,66213200
2024-06-27,212.86183166503906,214.49234667698786,211.12195219378995,213.44841596012938,49772700
2024-06-28,209.40191650390625,214.8204096554565,209.08377504858177,214.52214161134154,82542700
2024-07-01,215.49647521972656,216.25207446959737,210.6944066158183,210.86342163866271,60402900
2024-07-02,218.99612426757812,219.10548871515067,213.85602557275527,214.89994100712372,58046200
2024-07-03,220.2687225341797,220.2687225341797,217.76329209306175,218.72768354780237,37369800
2024-07-05,225.031005859375,225.14037030398515,220.36812707547224,220.36812707547224,60412400
2024-07-08,226.50245666503906,226.53228195249955,221.95887904834774,225.77666754871936,59085900
2024-07-09,227.3574676513672,228.0733048889389,225.0608295018841,226.61180512644188,48076100
2024-07-10,231.6326141357422,231.73204187894612,227.9241899064988,227.97390377810078,62627700
2024-07-11,226.25390625,231.04602295166967,224.46431311990926,230.0518062316796,64710600
2024-07-12,229.20672607421875,231.29458734662404,227.357482286545,227.59609977127653,53046500
2024-07-15,233.04440307617188,235.8580383346859,231.7419815445035,235.11237576276483,62631300
2024-07-16,233.4619903564453,234.9036016458956,230.9863851256273,233.64094209406048,43234300
2024-07-17,227.55633544921875,230.1214164943178,225.32928445945876,228.1230311101644,57345900
2024-07-18,222.8834991455078,229.10730558155058,220.9845567217071,228.94822726389444,66034600
2024-07-19,223.01275634765625,225.4883615119168,221.9887143107171,223.5198165983548,49151500
2024-07-22,222.664794921875,226.4626951020567,221.799816014305,225.69714393989972,48201800
2024-07-23,223.7086944580078,225.6275405798551,221.392167723929,223.0723963761116,39960300
2024-07-24,217.27610778808594,223.499913948863,215.87427379105335,222.70453756630337,61777600
2024-07-25,216.23219299316406,219.57276167257183,213.37878078186108,217.6638522810165,51391200
2024-07-26,216.69947814941406,218.22062848355827,214.76074345207394,217.43518879671294,41601300
2024-07-29,216.97787475585938,218.0317421116191,214.50226952108,215.70527849563507,36311800
2024-07-30,217.5346221923828,219.05577256608925,214.87011348402856,217.92236610782675,41643800
2024-07-31,220.795654296875,222.52559687691686,219.35404306544518,220.1593561933901,50036300
2024-08-01,217.09716796875,223.1817695634113,215.76492117798517,223.07240511518174,62501000
2024-08-02,218.58848571777344,224.29529507499745,216.45092586682142,217.88258518105536,105568600
2024-08-05,208.0597381591797,212.26527065556354,194.866477978878,197.9386040162881,119548600
2024-08-06,206.0315399169922,208.77558795019922,199.90717605667754,204.11270880558044,69660500
2024-08-07,208.60655212402344,212.40445197195865,205.19638100586542,205.703426053809,63516400
2024-08-08,212.07635498046875,212.9612072079863,207.62226855649052,211.87751468101786,47161100
2024-08-09,214.98944091796875,215.5263113015057,210.7441310403627,210.8733840757052,42201600
2024-08-12,216.5222930908203,218.49311650663688,214.60124108809114,215.0690650325273,38028100
2024-08-13,220.2449951171875,220.8621181746332,217.9954546002453,217.9954546002453,44155300
2024-08-14,220.69287109375,221.99680001644595,218.6822246024247,219.54820460737923,41960600
2024-08-15,223.67898559570312,224.30607198028108,221.72805861485108,223.55954635601313,46414000
2024-08-16,225.00283813476562,225.77922361016536,222.6139468974481,222.88270038911833,44340200
2024-08-19,224.8435821533203,224.94312498661264,222.0067784736323,224.6743714872065,40687800
2024-08-20,225.460693359375,226.11763957317405,224.4056062095116,224.72413110884563,30299000
2024-08-21,225.35121154785156,226.92389412945442,224.00747444255492,225.4706659840429,34765500
2024-08-22,223.48985290527344,227.28220046938023,222.86276654997636,226.73474533285912,43695300
2024-08-23,225.78916931152344,227.16278137803022,223.29080225181497,224.61464290366072,38677300
2024-08-26,226.12757873535156,226.2271215594374,222.8528263811224,225.70952621277567,30602200
2024-08-27,226.97364807128906,227.78985670532606,223.84819475275475,224.95305327681544,35934600
2024-08-28,225.4407958984375,228.79517959293358,224.63453544627717,226.86416416696267,38052200
2024-08-29,228.7255096435547,231.8410150307569,227.8197366882459,229.03408635152135,51906300
2024-08-30,227.9391632080078,229.33267166766268,226.42620031745173,229.123652992766,52990800
2024-09-03,221.738037109375,227.9391727978887,220.1454429272487,227.4912604304481,50190600
2024-09-04,219.82693481445312,220.75261936807303,216.47253576183732,220.63318011937469,43840200
2024-09-05,221.349853515625,224.43548398740054,220.4938367652657,220.60332780966414,36615400
2024-09-06,219.79705810546875,224.1965806221913,218.75191919539128,222.91254804497814,48423000
2024-09-09,219.88665771484375,220.24499065438135,215.70611687897429,219.79707827698536,67180000
2024-09-10,219.09034729003906,220.45399594379384,215.72600018375593,217.905857501112,51591000
2024-09-11,221.6285400390625,222.05654079085224,216.88063262193214,220.43410202901993,44587100
2024-09-12,221.738037109375,222.51442259643306,218.8017058249269,221.46928361366915,37455600
2024-09-13,221.46926879882812,223.00212806640087,220.8820056188433,222.54426752163744,36766600
2024-09-16,215.31790161132812,216.213726272445,212.92901053484562,215.53686848493908,59357400
2024-09-17,215.7857208251953,215.8952118613641,213.50633585708556,214.75054527350213,45519300
2024-09-18,219.6676483154297,221.67829484771394,216.53223168732617,216.54219508236315,59894900
2024-09-19,227.8097686767578,228.75538000957175,223.58941994126667,223.94775287051627,66781300
2024-09-20,227.14288330078125,232.0102302576514,226.56556827016195,228.90468820559317,318679900
2024-09-23,225.42088317871094,228.38707413181643,224.7639369712135,226.2868480598011,54146000
2024-09-24,226.31671142578125,228.28755007923567,224.6843092769655,227.59078065470555,43556100
2024-09-25,225.3213348388672,226.23707111110926,222.9822303399746,223.88800321688734,42308700
2024-09-26,226.46603393554688,227.4414899021518,224.36580775387156,226.24705185494724,36636700
2024-09-27,226.73475646972656,228.45675318264773,226.24703611440785,227.40166606122023,34026000
2024-09-30,231.92062377929688,231.92062377929688,228.58613663255096,228.97432934379907,54541900
2024-10-01,225.16209411621094,228.5861456381701,222.70353511874544,228.45675818805825,63285000
2024-10-02,225.7294464111328,226.31670960653594,221.98686997976517,224.84356992020335,32880600
2024-10-03,224.6245880126953,225.75930638603796,222.28548343692833,224.09704443839323,34044200
2024-10-04,225.74935913085938,226.9437971307691,223.09172964492672,226.8442543024003,37245100
2024-10-07,220.66305541992188,224.64452599576788,220.30472246057153,223.4600360693569,39505400
2024-10-08,224.72413635253906,224.93315503301397,222.2158058701156,223.26094483680066,31855700
2024-10-09,228.4766845703125,228.6857184603766,223.78851142625692,224.18665241253458,33591100
2024-10-10,227.97897338867188,228.43684913724616,226.11764095959848,226.72481576308653,28183500
2024-10-11,226.4958953857422,228.34727968813561,226.28686151162026,228.23778864704394,31759200
2024-10-14,230.228515625,230.65651637799863,227.54102629778745,227.64055393917852,39882100
2024-10-15,232.76669311523438,236.38983016358188,231.29353829774286,232.527799450427,64751400
2024-10-16,230.706298828125,231.04472016362837,228.77528327315235,230.52713995218934,34082200
2024-10-17,231.07456970214844,232.76670668063704,229.4521309302649,232.348638945834,32993800
2024-10-18,233.911376953125,235.0859033854084,232.92595759952005,235.0859033854084,46431500
2024-10-21,235.384521484375,235.75281781754072,233.36392650842956,233.36392650842956,36254500
2024-10-22,234.76739501953125,235.12572795126604,231.52250221800776,232.80651969699693,38846600
2024-10-23,229.69100952148438,234.05072423456664,226.7049068825192,232.99563706556216,52287000
2024-10-24,229.50189208984375,229.75073396519565,227.35189464165862,228.91461372105516,31109500
2024-10-25,230.33799743652344,232.1396101862481,228.50652487676712,228.6757355296476,38802300
2024-10-28,232.31878662109375,233.6426273223557,231.4727332926884,232.23917058038825,36087100
2024-10-29,232.58753967285156,233.24448591818899,231.24380255804743,232.02018805231754,35417200
2024-10-30,229.03407287597656,232.38845656475567,228.48661770128336,231.5324398883544,47070900
2024-10-31,224.8634796142578,228.76531846185907,224.32597264925337,228.27758291037028,64370100
2024-11-01,221.87738037109375,224.30607958110733,219.2496106921502,219.9463649274566,65276700
2024-11-04,220.98153686523438,221.75792231303782,218.69220372782075,219.96627293386246,44944500
2024-11-05,222.4148712158203,222.91255498009295,220.11557465497725,220.7725208689619,28111300
2024-11-06,221.68824768066406,225.02273483375984,220.16533664224426,221.57875664968802,54561100
2024-11-07,226.42620849609375,226.82436463330757,223.52970043689453,223.5894200604507,42137700
2024-11-08,226.15716552734375,227.8511489598711,225.60910803907555,226.366414165256,38328800
2024-11-11,223.4368133544922,224.90161465065876,220.7164746065314,224.20409384410638,42005600
2024-11-12,223.4368133544922,224.79200315214243,222.5698957238352,223.75568869738083,40398300
2024-11-13,224.32366943359375,225.8482560889112,221.97201694486657,223.21759527142092,48566200
2024-11-14,227.4127197265625,228.06041440281584,224.204108600429,224.2240421118748,44923900
2024-11-15,224.20408630371094,226.1172926822584,223.47667285882866,225.59912786989784,47923700
2024-11-18,227.21340942382812,228.92732633570628,224.3734848929754,224.45320372664565,44633700
2024-11-19,227.4724884033203,229.34584301691135,225.8582238051146,226.17708394083317,36211800
2024-11-20,228.18994140625,229.11664435033194,225.0909420304879,227.25326410482543,35169600
2024-11-21,227.71163940429688,229.34583747298603,224.9115819089953,228.07036655131708,42108300
2024-11-22,229.05685424804688,229.9038535446,227.2532593649619,227.2532593649619,38168300
2024-11-25,232.04624938964844,232.42491005721112,228.92733167542056,230.64124862727573,90152800
2024-11-26,234.22850036621094,234.73670603206307,232.50462429580293,232.50462429580293,45986200
2024-11-27,234.09896850585938,234.85628986853752,232.9829351774668,233.640604190904,33498400
2024-11-29,236.490478515625,236.96877632211965,233.14236346053607,233.97938842310504,28481400
2024-12-02,238.7424774169922,239.93822952974793,236.32108052902282,236.4306920263062,48137100
2024-12-03,241.79165649414062,241.90126799408412,238.05492154808562,238.96170621081686,38861000
2024-12-04,242.150390625,243.2465056559754,240.3966217802532,242.01088645785893,44383900
2024-12-05,242.18026733398438,243.6749612569442,241.27349790971317,243.12691898237586,40033900
2024-12-06,241.98097229003906,243.7646488451358,241.2236661935451,242.0507319698173,36870600
2024-12-09,245.8771514892578,246.36542364679892,240.89483838917155,240.97455722335047,44649200
2024-12-10,246.8935546875,247.33200068563022,244.47214254503118,246.0166626912396,36914800
2024-12-11,245.61807250976562,249.91282389632013,245.38887516358946,247.0828737526952,45205800
2024-12-12,247.0828857421875,247.8601253939288,244.81093690846672,246.01666340683192,32777500
2024-12-13,247.2522735595703,248.40815863747187,245.36895982515324,246.9433725816478,33155300
2024-12-16,250.15196228027344,250.49077111704125,246.7739547032778,247.11276354004562,51694800
2024-12-17,252.58334350585938,252.93211150871377,248.89643481128522,249.1953766416157,51356400
2024-12-18,247.1725616455078,253.38051965426092,246.86366065893745,251.26802371656945,56774100
2024-12-19,248.90640258789062,251.1085917693189,246.21595643132494,246.6245097734382,60882300
2024-12-20,253.5897979736328,254.09798847685343,244.82092317346877,247.16260139536695,147495300
2024-12-23,254.36703491210938,254.74568039470608,252.55346551957817,253.8688035675433,40858800
2024-12-24,257.28668212890625,257.2966260773909,254.386956808638,254.58626151312842,23234700
2024-12-26,258.1037292480469,259.1799258751944,256.7186620602343,257.27667867815336,27237100
2024-12-27,254.68588256835938,257.78489719249416,252.16483330495137,256.917949151404,42355300
2024-12-30,251.30787658691406,252.60328106925755,249.86300878941353,251.33776924994547,35557500
2024-12-31,249.5341796875,252.38406352835983,248.54767617168994,251.5470385357527,39480700
2025-01-02,242.9874267578125,248.21885574509324,240.96460876578237,248.0494437119358,55740700
2025-01-03,242.49916076660156,243.31625226562878,241.03435939639962,242.49916076660156,40244100
2025-01-06,244.1333465576172,246.45510633108967,242.33971076643533,243.4457849039297,45045600
2025-01-07,241.3532257080078,244.681407317594,240.496267218822,242.12049100282684,40856000
2025-01-08,241.84146118164062,242.84789810210984,239.20084146962273,241.06422159829904,37628900
2025-01-10,236.01217651367188,239.31046533751606,232.1757893628752,239.16098682233465,61710900
2025-01-13,233.5708465576172,233.8398957390806,228.90740850459227,232.7039288898965,49630700
2025-01-14,232.45480346679688,235.28475371553364,231.6476711610837,233.91960476413306,39435300
2025-01-15,237.02854919433594,238.11470496290485,233.60071548412043,233.80997931617492,39832000
2025-01-16,227.4525604248047,237.1680713225123,227.22337827123218,236.51041752509497,71759100
2025-01-17,229.16647338867188,231.4682996512766,227.67177943063626,231.2989028272768,68488300
2025-01-21,221.85243225097656,223.62613445935494,218.6039696546368,223.20762199269615,98070400
2025-01-22,223.03822326660156,223.32719072748344,219.0125058897086,219.0125058897086,64126500
2025-01-23,222.8688507080078,226.2269251350915,221.51366083038826,223.94503224654224,60234800
2025-01-24,221.991943359375,224.831867935065,220.6267944226493,223.9848686181573,54697900
2025-01-27,229.04689025878906,231.32878288695173,223.18768539696657,223.22755241503756,94863400
2025-01-28,237.4171905517578,239.3403714135585,229.99354669273774,230.03341371427896,75707600
2025-01-29,238.5133056640625,239.01153699982427,233.1822242894862,233.2918357915463,45486100
2025-01-30,236.74954223632812,239.93821947161274,236.37089679279623,237.825723654139,55658300
2025-01-31,235.16519165039062,246.31561143302469,232.61424963135997,246.31561143302469,100959800
2025-02-03,227.2034454345703,231.00994009075862,224.90161912474946,229.1764524471141,73063300
2025-02-04,231.97650146484375,232.3053359547129,225.84824721606736,226.44613087124998,45067300
2025-02-05,231.64767456054688,231.84696405052938,227.46253445166022,227.72160926815613,39620300
2025-02-06,232.39501953125,232.9729696905443,229.61488023403817,230.47183871784506,29925300
2025-02-07,226.8247833251953,233.1722451327125,226.4560818290891,231.77720359418535,39707200
2025-02-10,227.0941162109375,230.02693972945139,226.64521806905947,229.0094413336025,33115600
2025-02-11,232.052001953125,234.6556296697615,227.57297502290857,227.64279618723114,53718400
2025-02-12,236.29161071777344,236.38140252594314,230.11672290007743,230.63545743654387,45243300
2025-02-13,240.94024658203125,241.74826634141837,234.99480784534867,236.33153226758247,53614100
2025-02-14,244.00274658203125,244.9504238462646,240.40156080072015,240.66092045804314,40896200
2025-02-18,243.87306213378906,244.58131995427482,241.2494791133952,243.55383619329416,48822500
2025-02-19,244.27207946777344,245.40929524371262,242.56626341463,244.06260076305156,32204200
2025-02-20,245.229736328125,246.1774135823035,243.69348816231408,244.34191013103748,32316900
2025-02-21,244.95042419433594,248.08275639920348,244.6212281548445,245.34944139409683,53197400
2025-02-24,246.49664306640625,248.25234005966587,243.82317911276243,244.3319283268952,51326400
2025-02-25,246.43678283691406,249.38956194785018,244.3119941197594,247.3944454522674,48013300
2025-02-26,239.77308654785156,244.3818005030484,238.5460942392985,243.7333937698084,44433600
2025-02-27,236.72056579589844,241.86796980219768,236.48114634623442,238.82541422357912,41153600
2025-02-28,241.24948120117188,241.49887076126774,229.63790389196947,236.37142201455794,56833400
2025-03-03,237.4487762451172,243.43412542285543,235.53346633482454,241.19958958341564,47184000
2025-03-04,235.35391235351562,239.4838181516717,234.10696453181083,237.1295800554318,53798100
2025-03-05,235.1643829345703,235.97240266650644,228.67026910680244,234.84515699420854,47227600
2025-03-06,234.75538635253906,237.27920752401755,232.59068676229822,233.86756011302523,45170400
2025-03-07,238.4862518310547,240.78062356819368,234.1867631010968,234.53591456798168,46273600
2025-03-10,226.92454528808594,235.583358769024,223.6725108894593,234.96486230654432,72071200
2025-03-11,220.30076599121094,225.2885573705892,216.91904404485373,223.26351528828414,76137400
2025-03-12,216.45018005371094,221.20853706339403,214.38524243690583,219.60246770742089,62547500
2025-03-13,209.1680145263672,216.31053552178076,207.9110965632093,215.4227092543014,61368300
2025-03-14,212.96871948242188,213.42758776028128,209.06826301296118,210.7341834889886,60107600
2025-03-17,213.4774627685547,214.69448503570536,209.4573042902151,212.78914514941675,48073400
2025-03-18,212.170654296875,214.62463892519543,210.97358751075308,213.63706605687162,42432400
2025-03-19,214.7144317626953,218.22582565599035,213.22806456968678,213.6969181399133,54385400
2025-03-20,213.5772247314453,216.9589465476154,211.70181037410745,213.46749271646212,48862900
2025-03-21,217.73703002929688,218.30563028145062,210.764092813104,211.04340788811464,94127800
2025-03-24,220.19102478027344,220.93919345594836,218.04628066528426,220.460369765545,44299500
2025-03-25,223.2036590576172,223.55281053469957,219.54262209652958,220.23093972638688,34493600
2025-03-26,220.9890594482422,224.47054292972726,219.93165022699972,222.96422035625233,34466100
2025-03-27,223.30340576171875,224.4406214835582,220.0214308095873,220.84940592957574,37094800
2025-03-28,217.36793518066406,223.26350805320467,217.1484711493609,221.12873402087155,39818600
2025-03-31,221.58761596679688,225.06908447075043,215.7020132379398,216.48010744476517,65299300
2025-04-01,222.64501953125,223.13381331282267,218.36548628233527,219.27326790744206,36412700
2025-04-02,223.3433074951172,224.6401362151353,220.4803202973195,220.77959080525144,35905900
2025-04-03,202.69386291503906,206.9833664271943,200.75859747782033,205.03811566571247,103419000
2025-04-04,187.92002868652344,199.39194860307396,186.88255957870848,193.4165691841804,125910900
2025-04-07,181.0169219970703,193.6759230716255,174.19361217758157,176.76731422169505,160466300
2025-04-08,171.99899291992188,189.87523506652792,168.79683943762106,186.244123618335,120859500
2025-04-09,198.3644561767578,200.1201531468693,171.47028013366514,171.53013119082922,184395900
2025-04-10,189.95504760742188,194.30440235729913,182.55316692796467,188.6083530498886,121880000
2025-04-11,197.66615295410156,199.05275825525484,185.60567786476867,185.64558871717136,87435900
2025-04-14,202.02549743652344,212.42005238891582,200.66881763194172,210.9237150406947,101352900
2025-04-15,201.64642333984375,203.01307326666696,199.31214069618733,201.36710824854455,51343900
2025-04-16,193.79563903808594,200.2099310657198,191.9002692932641,197.8756484915953,59732400
2025-04-17,196.4990234375,198.34451232255947,193.9452767059697,196.71848747425943,52164700
2025-04-21,192.68833923339844,193.32677585155812,189.3465132845993,192.79807124065385,46742500
2025-04-22,199.25228881835938,201.097762433896,195.49148998245192,195.64111763020085,52976400
2025-04-23,204.10043334960938,207.4921254657249,202.30482537338813,205.49700887470834,52929200
2025-04-24,207.8612060546875,208.32008954356945,202.44447210591895,204.38970763388747,47311000
2025-04-25,208.76898193359375,209.2378355121778,205.69650080604464,205.86608387594285,38222300
2025-04-28,209.62689208984375,210.98357193193158,206.95344326011445,209.48723454234343,38743100
2025-04-29,210.69427490234375,211.72175863443914,207.86119803545407,208.18042396697467,36827600
2025-04-30,211.9811248779297,213.0584895980106,206.16535854293033,208.78894157113288,52286500
2025-05-01,212.79913330078125,214.0360957896086,208.3899124386699,208.56948083895412,57365700
2025-05-02,204.8485870361328,206.48458191182934,201.66637387157866,205.58677037884885,101010600
2025-05-05,198.40435791015625,203.60164304236298,197.72602561272546,202.6040848015313,69018500
2025-05-06,198.0252685546875,200.16004244803628,196.53891661034845,197.72601327833053,51216500
2025-05-07,195.7707977294922,198.95301083885846,192.77812311451905,198.6836658614824,68536700
2025-05-08,197.00778198242188,199.56152863729463,194.20463054641704,197.2372161152265,50478900
2025-05-09,198.0452423095703,200.0503289543839,197.05765414160055,198.51409591462888,36453900
2025-05-12,210.55104064941406,211.03050749278242,206.5156271207593,210.7308445260501,63775800
2025-05-13,212.68861389160156,213.1580823159532,208.76307628033234,210.19144790738707,51909300
2025-05-14,212.08929443359375,213.69746987061376,210.34127831689767,212.18917192393894,49325800
2025-05-15,211.21029663085938,212.71859464512332,209.30245815432872,210.71086343228015,45029500
2025-05-16,211.0205078125,212.32903558469047,209.53220664773164,212.11926693678467,54737900
2025-05-19,208.54331970214844,209.24252311349682,204.02843943795537,207.67431083672193,46140500
2025-05-20,206.62550354003906,208.2336790492342,204.79757620413463,207.4345828831543,42496600
2025-05-21,201.86090087890625,206.80528635778637,200.4824756537251,204.93741112479617,59211800
2025-05-22,201.13172912597656,202.52015274475195,199.4736073247078,200.48247209416806,46742400
2025-05-23,195.04864501953125,197.4758830409797,193.24069928507132,193.45045269257122,78432900
2025-05-27,199.98304748535156,200.51244545494848,197.20618488735448,198.07520901450675,56288500
2025-05-28,200.1927947998047,202.50017366149785,199.67338002302156,200.36260025266836,45339700
2025-05-29,199.72332763671875,203.57895243464628,198.28495762525483,203.3492174371598,51396800
2025-05-30,200.622314453125,201.73105672211125,196.55692105301176,199.14398126681596,70819900
2025-06-02,201.47134399414062,201.9008644592711,199.89313329888972,200.05295557621693,35423300
2025-06-03,203.03956604003906,203.5389992121068,200.7321872237246,201.1217444882778,46381600
2025-06-04,202.590087890625,206.00620910456834,201.8709028727957,202.67998220748078,43604000
2025-06-05,200.40257263183594,204.5178973620389,199.92310578136215,203.26931435006063,55126100
2025-06-06,203.68882751464844,205.4668084267123,201.82095228760733,202.76987228695742,46607700
2025-06-09,201.2216339111328,205.76647909477697,199.79326227022588,204.15830357568726,72862600
2025-06-10,202.44024658203125,204.11835001917973,200.34263633745982,200.3726011094186,54672600
2025-06-11,198.55465698242188,204.26817387189894,198.18508130061548,203.26930749599725,60989900
2025-06-12,198.97418212890625,199.45363372918547,197.13627162659284,198.85432303920933,43904600
2025-06-13,196.227294921875,200.1428492549886,195.47814514596445,199.50357538920457,51447300
2025-06-16,198.195068359375,198.46476655376847,196.33717625414866,197.07634287373045,43020700
2025-06-17,195.418212890625,198.16509536417735,194.98870767431248,196.97644196425614,38856200
2025-06-18,196.35714721679688,197.3460303816964,194.84886452825484,195.71787336797544,45394700
2025-06-20,200.7721405029297,201.47134391409438,196.6368343380514,198.01527480684123,96813500
2025-06-23,201.27157592773438,202.07067208145295,198.73446202428119,201.40143343464243,55814300
2025-06-24,200.07293701171875,203.2093768046809,199.9730442780961,202.36033429336192,54064000
2025-06-25,201.33151245117188,203.43912119943792,200.39257558111612,201.2216365357081,39525700
2025-06-26,200.7721405029297,202.41028074115465,199.23389299836737,201.20164572639828,50799100
2025-06-27,200.85205078125,202.98962419564972,199.77327327657756,201.66113009938155,73188600
2025-06-30,204.93740844726562,207.15489297707504,199.0341046248948,201.78098710410558,91912800
2025-07-01,207.58441162109375,209.95171998702364,205.90630823197938,206.4357061767528,78788900
2025-07-02,212.1991729736328,213.09814660534315,207.9040445567577,208.6731759252599,67941800
2025-07-03,213.30792236328125,214.40666625629999,211.56988934364432,211.90950026104147,34955800
2025-07-07,209.7119903564453,215.9848699115094,208.56330013289198,212.43889126622693,50229000
2025-07-08,209.7719268798828,211.1903153368944,208.213697736729,209.86183643928914,42848900
2025-07-09,210.90065002441406,211.09043707809712,206.98509558510867,209.2924745188519,48749400
2025-07-10,212.16920471191406,213.23798377907798,209.7918979255535,210.27134950514616,44443600
2025-07-11,210.92062377929688,211.88952536572023,209.6220944658076,210.33129628612954,39765800
2025-07-14,208.3834991455078,210.67091168904602,207.3047216270235,209.69201166358403,38840100
2025-07-15,208.87295532226562,211.64980271899068,208.6831682659836,208.9828312368767,42296300
2025-07-16,209.92176818847656,212.1592191902425,208.40348697906978,210.06160887608695,47490500
2025-07-17,209.78192138671875,211.5599023237274,209.35240091776063,210.33130094399476,48068100
2025-07-18,210.9405975341797,211.54990664350106,209.46227954032304,210.63095139102305,48974600
2025-07-21,212.23912048339844,215.53538252867688,211.39009321998003,211.8595616297783,51377400
2025-07-22,214.15695190429688,214.7063314773177,211.9894136266437,212.89838571641525,46404100
2025-07-23,213.9072265625,214.90609293027538,212.1692088371252,214.75626907170553,46989300
2025-07-24,213.51766967773438,215.44548969662856,213.28793468034502,213.65751035981805,46022600
2025-07-25,213.63754272460938,214.9960015887686,213.15807589620647,214.45660521718813,40268800
2025-07-28,213.80735778808594,214.60645396318566,212.81847455673218,213.78737619229818,37858000
2025-07-29,211.03050231933594,214.5664825639156,210.58101550100253,213.93719187335407,51411700
2025-07-30,208.81301879882812,212.14922883427738,207.48452469073794,211.65977882345743,45512500
2025-07-31,207.33470153808594,209.60211724381097,206.92516266487007,208.25365677749065,80698400
2025-08-01,202.1505889892578,213.33788973606855,201.27158167093614,210.63095505795985,104434500
2025-08-04,203.11949157714844,207.64435521756303,201.4513712516652,204.27816503495924,75109300
2025-08-05,202.68995666503906,205.1072113881769,201.93082373064988,203.1694082424696,44155100
2025-08-06,213.0082550048828,215.1358452662651,205.35693489516686,205.39689808550258,108483100
2025-08-07,219.7805633544922,220.59964108330854,216.33447747046458,218.63187314031333,90224800
2025-08-08,229.0900115966797,230.73813503605493,219.00145500716468,220.57966572513484,113854000
2025-08-11,227.17999267578125,229.55999755859375,224.75999450683594,227.9199981689453,61806100
2025-08-12,229.64999389648438,230.8000030517578,227.07000732421875,228.00999450683594,55626200
2025-08-13,233.3300018310547,235.0,230.42999267578125,231.07000732421875,69878500
2025-08-14,232.77999877929688,235.1199951171875,230.85000610351562,234.05999755859375,51916300
2025-08-15,231.58999633789062,234.27999877929688,229.33999633789062,234.0,56038700
2025-08-18,230.88999938964844,233.1199951171875,230.11000061035156,231.6999969482422,37476200
2025-08-19,230.55999755859375,232.8699951171875,229.35000610351562,231.27999877929688,39402600
2025-08-20,226.00999450683594,230.47000122070312,225.77000427246094,229.97999572753906,42263900
2025-08-21,224.89999389648438,226.52000427246094,223.77999877929688,226.27000427246094,30621200
2025-08-22,227.75999450683594,229.08999633789062,225.41000366210938,226.1699981689453,42477800
2025-08-25,227.16000366210938,229.3000030517578,226.22999572753906,226.47999572753906,30983100
2025-08-26,229.30999755859375,229.49000549316406,224.69000244140625,226.8699951171875,54575100
2025-08-27,230.49000549316406,230.89999389648438,228.25999450683594,228.61000061035156,31259500
2025-08-28,232.55999755859375,233.41000366210938,229.33999633789062,230.82000732421875,38074700
2025-08-29,232.13999938964844,233.3800048828125,231.3699951171875,232.50999450683594,39418400
2025-09-02,229.72000122070312,230.85000610351562,226.97000122070312,229.25,44075600
2025-09-03,238.47000122070312,238.85000610351562,234.36000061035156,237.2100067138672,66427800
2025-09-04,239.77999877929688,239.89999389648438,236.74000549316406,238.4499969482422,47549400
2025-09-05,239.69000244140625,241.32000732421875,238.49000549316406,240.0,54870400
2025-09-08,237.8800048828125,240.14999389648438,236.33999633789062,239.3000030517578,48999500
2025-09-09,234.35000610351562,238.77999877929688,233.36000061035156,237.0,66313900
2025-09-10,226.7899932861328,232.4199981689453,225.9499969482422,232.19000244140625,83440800
2025-09-11,230.02999877929688,230.4499969482422,226.64999389648438,226.8800048828125,50208600
2025-09-12,234.07000732421875,234.50999450683594,229.02000427246094,229.22000122070312,55824200
2025-09-15,236.6999969482422,238.19000244140625,235.02999877929688,237.0,42699500
2025-09-16,238.14999389648438,241.22000122070312,236.32000732421875,237.17999267578125,63421100
2025-09-17,238.99000549316406,240.10000610351562,237.72999572753906,238.97000122070312,46508000
2025-09-18,237.8800048828125,241.1999969482422,236.64999389648438,239.97000122070312,44249600
2025-09-19,245.5,246.3000030517578,240.2100067138672,241.22999572753906,163741300
2025-09-22,256.0799865722656,256.6400146484375,248.1199951171875,248.3000030517578,105517400
2025-09-23,254.42999267578125,257.3399963378906,253.5800018310547,255.8800048828125,60275200
2025-09-24,252.30999755859375,255.74000549316406,251.0399932861328,255.22000122070312,42303700
2025-09-25,256.8699951171875,257.1700134277344,251.7100067138672,253.2100067138672,55202100
2025-09-26,255.4600067138672,257.6000061035156,253.77999877929688,254.10000610351562,46076300
2025-09-29,254.42999267578125,255.0,253.00999450683594,254.55999755859375,40127700
2025-09-30,254.6300048828125,255.9199981689453,253.11000061035156,254.86000061035156,37704300
2025-10-01,255.4499969482422,258.7900085449219,254.92999267578125,255.0399932861328,48713900
2025-10-02,257.1300048828125,258.17999267578125,254.14999389648438,256.5799865722656,42630200
2025-10-03,258.0199890136719,259.239990234375,253.9499969482422,254.6699981689453,49155600
2025-10-06,256.69000244140625,259.07000732421875,255.0500030517578,257.989990234375,44664100
2025-10-07,256.4800109863281,257.3999938964844,255.42999267578125,256.80999755859375,31955800
2025-10-08,258.05999755859375,258.5199890136719,256.1099853515625,256.5199890136719,36496900
2025-10-09,254.0399932861328,258.0,253.13999938964844,257.80999755859375,38322000
2025-10-10,245.27000427246094,256.3800048828125,244.0,254.94000244140625,61999100
2025-10-13,247.66000366210938,249.69000244140625,245.55999755859375,249.3800048828125,38142900
2025-10-14,247.77000427246094,248.85000610351562,244.6999969482422,246.60000610351562,35478000
2025-10-15,249.33999633789062,251.82000732421875,247.47000122070312,249.49000549316406,33893600
2025-10-16,247.4499969482422,249.0399932861328,245.1300048828125,248.25,39777000
2025-10-17,252.2899932861328,253.3800048828125,247.27000427246094,248.02000427246094,49147000
2025-10-20,262.239990234375,264.3800048828125,255.6300048828125,255.88999938964844,90483000
2025-10-21,262.7699890136719,265.2900085449219,261.8299865722656,261.8800048828125,46695900
2025-10-22,258.45001220703125,262.8500061035156,255.42999267578125,262.6499938964844,45015300
2025-10-23,259.5799865722656,260.6199951171875,258.010009765625,259.94000244140625,32754900
2025-10-24,262.82000732421875,264.1300048828125,259.17999267578125,261.19000244140625,38253700
2025-10-27,268.80999755859375,269.1199951171875,264.6499938964844,264.8800048828125,44888200
2025-10-28,269.0,269.8900146484375,268.1499938964844,268.989990234375,41534800
2025-10-29,269.70001220703125,271.4100036621094,267.1099853515625,269.2799987792969,51086700
2025-10-30,271.3999938964844,274.1400146484375,268.4800109863281,271.989990234375,69886500
2025-10-31,270.3699951171875,277.32000732421875,269.1600036621094,276.989990234375,86167100
2025-11-03,269.04998779296875,270.8500061035156,266.25,270.4200134277344,50138700
